	PD_whole_tree	chao1	observed_otus
100001.1247426	36.66936	1534.18987342	934.0
100003.1246884	31.19717	1433.45	671.0
100009.1247231	26.65506	1211.52586207	682.0
100015.1247049	48.50102	1913.65053763	1099.0
100016.1247155	20.84311	929.898305085	381.0
100043.1246460	26.39974	967.0	662.0
100046.1246388	34.59619	1588.72916667	846.0
100047.1246185	35.97349	1523.7283237	968.0
100048.1246661	32.7242	1375.2	847.0
100049.1247075	46.69008	1635.86956522	920.0
100051.1247218	41.16173	1943.26744186	1043.0
100052.1246453	34.6358	1498.70588235	864.0
100058.1247305	21.92866	818.018181818	384.0
100060.1247170	26.88711	827.25	541.0
100062.1246762	33.3293	1156.75572519	722.0
100065.1246135	28.12634	988.51	543.0
100068.1246376	37.81321	1653.38942308	1103.0
100070.1246721	25.50872	1101.8961039	580.0
100071.1247048	53.67919	2587.7337884	1652.0
100072.1246982	37.70995	1679.38219895	1021.0
100074.1247405	43.05851	1901.16167665	1049.0
100075.1246833	18.88111	601.197368421	438.0
100077.1246422	46.20806	1953.44334975	1132.0
100078.1246603	52.0521	2281.22330097	1251.0
100080.1246540	48.67981	2133.01714286	1113.0
100083.1246311	44.6981	1998.475	1199.0
100085.1246334	41.63575	2119.03015075	1213.0
100086.1247268	53.78906	2220.12643678	1402.0
100087.1246709	33.23795	1383.33898305	898.0
100088.1246120	20.09986	701.882352941	331.0
100089.1247168	42.84554	2044.51530612	1155.0
100090.1246912	34.30076	1389.7761194	841.0
100091.1247210	40.93989	1755.82258065	1058.0
100092.1247222	44.52908	1880.55555556	1084.0
100095.1246168	37.03836	1667.605	1088.0
100096.1247401	37.55359	1737.26490066	921.0
100099.1247449	46.77099	2114.23463687	1127.0
100100.1246674	11.33729	335.208333333	230.0
100101.1247239	42.90375	1850.8490566	1172.0
100102.1246796	30.89393	1078.47368421	739.0
100104.1247040	36.85211	1559.56338028	829.0
100105.1247327	35.38448	1335.2	689.0
100106.1246858	44.48601	2092.51351351	1166.0
100107.1246180	52.58666	2088.8125	1325.0
100109.1247329	42.2609	1859.48447205	1031.0
100115.1246245	11.30707	432.5	281.0
100117.1247242	33.18106	1459.82758621	853.0
100128.1246258	34.87538	1429.7791411	848.0
100158.1246456	35.11288	1593.04285714	865.0
100160.1246616	7.73617	271.848484848	220.0
100161.1246172	55.094	2155.37603306	1365.0
100162.1247353	35.81572	1591.03597122	861.0
100163.1246125	31.48732	1323.86781609	923.0
100176.1246432	31.58581	1219.12080537	857.0
100177.1246647	23.14547	796.857142857	484.0
100178.1246691	59.57881	2481.92519685	1491.0
100180.1246973	27.14255	977.372093023	657.0
100181.1246841	32.20265	1200.34375	672.0
100182.1247008	34.54657	1441.25174825	823.0
100183.1246704	48.35136	1899.02298851	1370.0
100187.1246918	16.93778	674.447368421	327.0
100188.1247093	52.72288	2149.525	1428.0
100190.1246494	30.44336	1445.03030303	663.0
100191.1246961	35.5512	1153.4488189	705.0
100192.1247106	22.35079	823.409090909	630.0
100195.1247038	37.30379	1534.66153846	761.0
100196.1246487	42.75023	1923.57714286	1064.0
100197.1246801	38.33644	1490.28169014	917.0
100198.1246877	21.76426	708.53164557	474.0
100200.1246541	41.53684	1744.8	1077.0
100203.1246754	36.22375	1641.0	859.0
100204.1247092	17.52127	799.146341463	304.0
100205.1246838	36.54919	1557.12716763	1014.0
100206.1246938	25.63158	1120.37894737	667.0
100207.1247256	60.46043	2571.348659	1607.0
100209.1247393	20.01514	772.029411765	491.0
100210.1247298	13.72334	460.568181818	301.0
100211.1246832	28.56692	1102.688	722.0
100212.1247085	46.91351	1963.57142857	1321.0
100214.1246953	42.59015	1664.42723005	1211.0
100216.1246217	33.66039	1435.875	885.0
100217.1246514	36.10129	1444.23931624	819.0
100219.1247117	34.10409	1718.74534161	1040.0
100220.1247083	46.65096	1876.48430493	1162.0
100222.1247291	27.87734	1186.76136364	614.0
100225.1246548	21.42378	977.127659574	407.0
100226.1246263	42.78014	1874.56962025	1004.0
100227.1246626	31.0675	1288.81294964	803.0
100228.1246589	34.91632	1540.05769231	722.0
100233.1246246	23.23608	571.018181818	319.0
100234.1246324	15.23877	685.5	289.0
120153.1246821	49.15996	2108.38022814	1343.0
120155.1246996	34.6157	1585.72222222	840.0
120156.1246895	34.84408	1350.44954128	741.0
120157.1246601	38.13823	1901.05405405	1055.0
121154.1246277	47.75611	1911.60930233	1160.0
121180.1246978	0.6941	1.0	1.0
121181.1246741	36.38661	1773.17283951	937.0
121182.1246215	35.2021	1488.87162162	854.0
121183.1246254	30.3272	1255.91089109	702.0
121185.1247360	15.9827	553.216216216	357.0
121186.1246365	45.52133	1832.37903226	913.0
121187.1246148	29.87071	1107.97058824	517.0
121188.1247234	33.85381	1409.78571429	817.0
121189.1247011	35.42966	1550.55491329	935.0
121190.1246356	33.11182	1610.50632911	895.0
121191.1246140	11.33285	295.166666667	132.0
121192.1247127	17.03041	372.022727273	264.0
121193.1247063	28.25605	1284.41	631.0
121194.1246890	38.21645	1516.67073171	917.0
121195.1246166	22.3504	676.382978723	505.0
121196.1247031	29.72822	1265.31034483	680.0
121197.1247171	31.16132	1439.71428571	848.0
121198.1246569	20.69758	645.985915493	414.0
121199.1246159	24.67539	1025.21052632	651.0
121200.1246461	26.62722	1040.92592593	569.0
121201.1247061	21.77903	876.692307692	489.0
121212.1246767	29.54295	1168.0326087	674.0
121213.1246142	28.1027	1187.86666667	745.0
121214.1246862	1.32887	3.0	2.0
121215.1247158	33.31835	1124.17391304	705.0
121216.1247056	34.6747	1303.33950617	823.0
121217.1246974	16.4501	571.2	410.0
121218.1246965	30.08831	1118.89261745	716.0
121219.1247140	27.81364	1152.5	658.0
121279.1246886	41.95776	2001.3125	1037.0
121280.1246751	25.6925	1133.5	664.0
121281.1246713	17.40572	514.762711864	377.0
121282.1246224	37.5257	1516.56849315	873.0
121283.1246600	20.66676	764.647058824	445.0
121284.1246668	41.12742	1832.68062827	1082.0
121285.1246733	27.14732	1153.60273973	711.0
121307.1246550	33.56693	1320.57936508	767.0
121308.1246337	24.13545	948.590163934	494.0
121309.1246542	43.60944	2033.9	1042.0
121310.1247096	41.11995	1914.99337748	969.0
121311.1246878	14.47181	466.622641509	301.0
121312.1246929	24.44154	965.702702703	493.0
121313.1246613	42.11727	1717.5	969.0
121314.1247259	6.73103	179.647058824	124.0
121385.1246584	34.13197	1469.07407407	848.0
121386.1246649	18.02451	648.5	389.0
121387.1247113	13.21957	510.15	294.0
121388.1246171	8.97189	280.5	165.0
121389.1246126	45.80314	1818.12162162	1002.0
121390.1247365	6.62976	120.363636364	53.0
121398.1247197	39.94607	1699.46818182	1079.0
121400.1246372	52.22363	2160.04845815	1228.0
121401.1247192	51.51626	2237.11413043	1211.0
121402.1247186	34.7199	1324.50769231	735.0
121403.1247087	45.43184	1853.8	1054.0
121404.1246695	25.56784	947.727272727	490.0
121405.1246611	27.00774	1126.28378378	508.0
121420.1247325	10.02684	283.903225806	166.0
121421.1246406	13.42503	455.466666667	272.0
121422.1246561	13.52261	443.909090909	303.0
121423.1246854	24.87004	845.78313253	534.0
121444.1246866	27.29011	1129.796875	721.0
121445.1247271	26.37519	1056.49367089	515.0
121446.1246612	45.97287	2138.30921053	1026.0
121447.1246283	37.94535	1545.94936709	954.0
121448.1246595	31.55524	1202.71428571	648.0
121449.1246322	19.30085	800.929577465	446.0
121450.1246156	30.08883	1341.80555556	668.0
121451.1246659	21.0235	812.02173913	353.0
121452.1247003	10.01624	344.774193548	235.0
121454.1246786	23.38073	901.246575342	531.0
121455.1246836	33.68647	1497.26704545	913.0
121456.1246221	5.34905	124.3	54.0
121457.1247318	21.75425	843.908045977	517.0
121461.1247420	35.97308	1336.18181818	818.0
121463.1246219	28.00066	1325.75206612	740.0
121464.1246138	22.9021	786.991735537	575.0
121465.1246414	18.03763	554.4375	309.0
121466.1247362	25.47011	1113.85840708	665.0
121467.1246327	23.74506	971.205882353	580.0
121468.1247263	9.33157	257.607142857	139.0
121469.1246137	25.44807	1142.21052632	588.0
121470.1246944	28.73583	1382.62831858	694.0
121471.1246191	19.25173	810.882352941	364.0
121473.1247472	14.46935	437.090909091	206.0
121474.1246486	16.1398	485.666666667	254.0
121475.1246242	13.88251	523.518518519	285.0
121476.1246989	11.74375	509.15	164.0
121477.1246644	10.7285	312.675675676	192.0
121478.1246295	23.06231	988.244186047	484.0
121479.1247255	6.1279	182.0	88.0
121480.1247162	11.19206	362.78125	172.0
121482.1247262	31.64663	1354.38888889	535.0
121488.1246443	27.59188	930.0	559.0
121492.1246983	8.21672	236.483870968	163.0
121493.1247335	9.55672	284.142857143	159.0
121495.1246143	18.54925	687.30952381	308.0
121496.1246759	11.38759	352.171428571	205.0
121497.1246842	7.38144	200.260869565	107.0
121498.1246290	39.10711	1465.13483146	673.0
121499.1247002	36.39748	1443.68421053	701.0
121500.1247250	6.51294	282.666666667	86.0
121501.1246321	12.59947	421.428571429	274.0
121502.1246527	18.47085	617.535714286	430.0
121503.1247118	24.56264	874.908045977	548.0
121952.1246340	18.61997	562.609756098	279.0
121952.1246685	7.53048	224.666666667	123.0
121953.1246966	18.7472	839.058823529	385.0
121953.1247287	6.7652	181.6875	117.0
121954.1247208	6.90511	175.0	119.0
121954.1247408	23.76271	969.030927835	525.0
121959.1246402	7.49347	231.375	150.0
121959.1247341	28.62102	1319.53012048	571.0
121968.1246353	6.86317	158.041666667	113.0
121968.1247455	24.84621	924.015625	406.0
121969.1247036	16.50409	502.65	227.0
121971.1246158	30.55794	1233.78571429	607.0
121976.1247220	21.08361	586.3125	301.0
121977.1246232	28.12942	1124.27631579	490.0
121978.1247445	24.95614	892.088235294	427.0
121979.1246433	25.43934	922.105263158	402.0
121980.1246352	31.69739	1292.21374046	680.0
121980.1247090	27.4502	1251.0	557.0
121981.1247080	8.89167	190.25	94.0
121982.1246173	17.00749	601.373333333	367.0
121983.1246348	30.85369	1356.7875	558.0
122001.1246615	29.64835	1431.06896552	599.0
122004.1246297	14.25002	480.666666667	249.0
122004.1246853	11.25388	393.0	168.0
122006.1246809	36.20572	1617.31896552	758.0
122007.1247027	19.25148	753.388888889	347.0
122009.1246667	10.31106	266.757575758	156.0
122009.1246683	6.19281	161.083333333	71.0
122010.1246652	16.56124	631.326086957	285.0
122010.1247187	15.52888	436.341463415	219.0
122011.1246363	25.38516	839.0	377.0
122032.1246450	23.41499	824.88	452.0
122033.1246288	4.47289	108.333333333	67.0
122034.1246359	21.79157	920.05	430.0
122034.1246771	16.26729	714.9	294.0
122037.1247454	17.86092	577.5625	233.0
122038.1247249	32.8923	1223.84615385	553.0
122039.1246202	20.94627	1082.14285714	395.0
122039.1247121	30.37974	1051.65822785	499.0
122049.1246753	17.7172	773.661290323	378.0
122050.1246161	17.10212	577.517857143	321.0
122053.1246378	5.09446	148.647058824	93.0
122053.1247029	34.98847	1326.8907563	663.0
122057.1246165	22.67532	971.514285714	445.0
122057.1246885	31.31342	1173.54878049	555.0
122058.1246184	32.98982	1327.08536585	595.0
122059.1246857	20.89574	778.368421053	371.0
122060.1246740	18.89212	744.666666667	346.0
122061.1246318	15.5443	756.666666667	289.0
122061.1247260	24.54947	975.494505495	515.0
122062.1247307	26.44424	782.246153846	415.0
122063.1246844	27.10922	1103.35	443.0
122072.1246419	21.31106	810.882352941	364.0
122074.1246793	24.95389	1037.3943662	439.0
122075.1246458	25.53576	1083.18987342	473.0
122076.1247261	12.66927	484.448275862	276.0
122077.1246131	16.71272	578.192307692	348.0
122078.1246162	18.45047	678.063829787	312.0
122079.1246313	8.52527	291.25	146.0
122096.1246993	14.22926	623.12	245.0
122096.1247400	18.49894	797.512195122	317.0
122097.1247067	25.69774	1110.37333333	480.0
122098.1246463	5.49233	171.5	89.0
122098.1247178	20.07975	895.328125	409.0
122099.1246768	17.96047	626.590163934	326.0
122099.1246903	5.38995	179.083333333	89.0
122100.1246447	16.07997	761.774193548	265.0
122100.1247161	19.45696	813.482758621	379.0
122101.1246391	24.38426	1043.23076923	438.0
122113.1246427	18.98044	769.542372881	350.0
122113.1246583	24.95371	1175.41891892	490.0
122115.1246871	19.6806	816.245283019	345.0
122115.1247226	25.44205	1332.53846154	554.0
122116.1246222	6.15432	183.125	97.0
122116.1246717	18.48108	698.333333333	316.0
122117.1246729	17.65504	782.833333333	304.0
122117.1247175	5.55573	178.555555556	93.0
122119.1247014	5.35603	114.0	66.0
122119.1247288	14.76367	480.222222222	264.0
122163.1246523	16.79142	655.142857143	319.0
122163.1246898	20.7103	1022.12765957	417.0
122164.1246355	25.5209	1060.3956044	510.0
122164.1246663	22.31228	1039.81333333	504.0
MGH100079.1246631	27.66091	972.127659574	600.0
MGH100525.1247317	10.01524	357.04	163.0
MGH100601.1247089	11.34827	391.157894737	141.0
MGH100601.1247258	1.04678	1.0	1.0
MGH100695.1246812	0.91729	1.0	1.0
MGH100695.1247456	9.64475	392.714285714	113.0
MGH100698.1246875	5.69306	129.909090909	66.0
MGH100748.1246798	10.31269	295.75	182.0
MGH100826.1246528	12.1112	457.139534884	253.0
MGH100896.1247293	6.03219	175.461538462	85.0
MGH100896.1247342	1.99554	15.0	5.0
MGH101003.1247243	17.03781	588.884057971	358.0
MGH101010.1246829	11.21286	408.75	168.0
MGH101089.1246332	17.43535	806.02173913	347.0
MGH101123.1246369	0.986	6.0	3.0
MGH101187.1247389	20.22553	730.037735849	347.0
MGH101249.1246536	7.65361	154.0	76.0
MGH101446.1246835	39.19949	1628.8503937	812.0
MGH101468.1246593	9.87478	290.833333333	169.0
MGH101614.1246411	15.57486	596.636363636	274.0
MGH101666.1246883	18.31788	753.019607843	339.0
MGH101725.1247251	10.59536	332.03030303	188.0
MGH101748.1247032	14.84916	599.032258065	219.0
MGH101763.1246575	17.32251	830.764705882	409.0
MGH102203.1247017	7.78657	259.909090909	88.0
MGH102228.1246744	25.20203	898.181818182	419.0
MGH102261.1246301	6.42943	252.142857143	70.0
MGH102271.1246470	12.32793	367.081081081	193.0
MGH102278.1246387	14.38246	588.0	231.0
MGH102386.1246679	18.62743	860.234042553	343.0
MGH102504.1247273	7.71062	221.029411765	150.0
MGH102701.1246596	6.35437	210.0	92.0
MGH102719.1247439	23.78229	1048.55319149	381.0
MGH102797.1246385	8.57486	191.142857143	104.0
MGH102894.1247205	9.8197	322.538461538	158.0
MGH102965.1246437	10.55193	316.0	164.0
MGH103029.1246825	7.0705	162.555555556	86.0
MGH103108.1246870	16.309	609.967741935	370.0
MGH103128.1246694	0.65428	3.0	2.0
MGH103446.1246319	22.48526	972.12195122	352.0
MGH103539.1246371	12.9621	365.714285714	220.0
MGH103547.1247433	17.53213	645.590909091	359.0
MGH103660.1247375	4.72117	103.1875	66.0
MGH103687.1246642	30.75477	977.548780488	508.0
MGH103728.1247463	13.59538	588.533333333	221.0
MGH103785.1247459	7.82436	308.272727273	146.0
MGH103891.1247371	5.78031	123.142857143	86.0
MGH103912.1247006	9.7272	284.285714286	130.0
MGH104031.1246987	16.86268	414.069767442	213.0
MGH104119.1246223	5.5565	97.5	54.0
MGH104316.1246666	9.43715	318.903225806	156.0
MGH104316.1246807	0.87876	1.0	1.0
MGH104413.1246703	7.9712	259.0	124.0
MGH104421.1247120	6.9097	157.6	63.0
MGH104519.1246177	9.64645	262.125	137.0
MGH104623.1246457	9.41727	373.875	155.0
MGH104671.1247313	2.72902	46.0	13.0
MGH104671.1247429	9.80282	345.333333333	146.0
MGH104690.1247235	13.09168	439.659574468	264.0
MGH104824.1247071	0.66985	1.0	1.0
MGH104824.1247230	4.02433	49.0	25.0
MGH104884.1246906	18.11978	786.227272727	311.0
MGH104945.1247409	7.63812	274.25	110.0
MGH105057.1246697	28.78965	1167.11881188	583.0
MGH105126.1246485	17.92007	738.757575758	256.0
MGH105192.1246837	7.77299	150.3	60.0
MGH105234.1246894	11.68162	422.263157895	205.0
MGH105239.1246905	0.66719	1.0	1.0
MGH105361.1246445	9.09594	259.607142857	141.0
MGH105450.1246607	11.29813	391.216216216	195.0
MGH105553.1246787	35.67312	1403.70588235	679.0
MGH105618.1247374	6.70534	199.772727273	111.0
MGH105658.1247134	41.05125	1523.05291005	1019.0
MGH105693.1246732	16.6639	551.283018868	296.0
MGH105700.1246519	9.54532	270.730769231	143.0
MGH105841.1247387	26.00961	1156.01010101	601.0
MGH106034.1247069	11.96506	465.37037037	192.0
MGH106271.1246160	0.62765	3.0	2.0
MGH106271.1246415	7.45125	183.25	87.0
MGH106288.1247403	18.49128	695.794117647	248.0
MGH106399.1247406	11.64148	289.0	119.0
MGH109339.1246622	7.58615	148.111111111	57.0
MGH109531.1246394	9.64016	276.222222222	144.0
MGH109614.1246972	12.97344	467.763157895	219.0
MGH109682.1247344	10.82369	269.757575758	159.0
MGH109781.1247141	23.44027	923.534090909	486.0
MGH109812.1246153	16.29002	607.3125	322.0
MGH110455.1247279	25.06642	1132.49180328	436.0
MGH111702.1246479	8.93257	328.333333333	160.0
MGH112053.1246811	16.57724	697.583333333	260.0
MGH112373.1246418	17.22607	571.717391304	274.0
MGH113059.1247179	13.48439	425.565217391	226.0
MGH113364.1247340	8.04734	314.1	125.0
MGH113486.1246459	22.99079	828.0	401.0
MGH113527.1246397	10.43654	393.714285714	158.0
MGH113669.1247108	10.35075	295.882352941	110.0
MGH113669.1247130	1.78335	6.0	3.0
MGH129951.1247358	2.10559	11.0	6.0
SKBTI.0097.1247143	10.33715	296.25	95.0
SKBTI.0098.1246924	2.01919	15.0	5.0
SKBTI.0098.1247278	4.30903	155.0	19.0
SKBTI.0099.1246757	11.24598	348.272727273	141.0
SKBTI.0100.1246820	8.30692	238.6	79.0
SKBTI.0102.1246554	4.05065	211.0	21.0
SKBTI.0102.1247000	1.15235	3.0	2.0
SKBTI.0103.1246121	3.99987	57.0	38.0
SKBTI.0104.1246134	8.4537	298.0	97.0
SKBTI.0107.1246579	5.22121	73.5	26.0
SKBTI.0107.1247323	1.03781	1.0	1.0
SKBTI.0108.1246241	7.40274	325.2	60.0
SKBTI.0110.1247026	0.81201	1.0	1.0
SKBTI.0111.1247103	1.0182	1.0	1.0
SKBTI.0112.1246189	1.23184	3.0	2.0
SKBTI.0112.1246824	4.37016	128.0	23.0
SKBTI.0113.1246743	2.93514	42.0	20.0
SKBTI.0114.1247070	3.93532	68.0	30.0
SKBTI.0115.1246150	1.36201	17.0	7.0
SKBTI.0115.1247421	0.71931	1.0	1.0
SKBTI.0116.1247470	1.69125	3.0	2.0
SKBTI.0117.1247282	5.74438	172.076923077	74.0
SKBTI.0118.1246522	2.82144	47.5	20.0
SKBTI.0119.1246346	1.3577	6.0	3.0
SKBTI.0120.1246941	6.97825	249.176470588	103.0
SKBTI.0121.1246637	1.54313	3.0	2.0
SKBTI.0122.1246656	1.90054	10.0	4.0
SKBTI.0122.1246970	4.09852	33.1428571429	22.0
SKBTI.0123.1246312	7.10209	210.894736842	98.0
SKBTI.0124.1247131	8.77956	245.866666667	94.0
SKBTI.0125.1247196	3.12908	29.0	11.0
SKBTI.0126.1247399	4.40698	111.25	30.0
SKBTI.0127.1247224	9.71337	280.666666667	84.0
SKBTI.0128.1246922	8.49285	297.0	80.0
SKBTI.0129.1246157	5.70892	132.75	61.0
SKBTI.0130.1246625	7.68187	244.214285714	91.0
SKBTI.0131.1246568	8.50782	324.6875	112.0
SKBTI.0132.1247149	6.9666	110.272727273	53.0
SKBTI.0133.1247396	7.33288	172.0	62.0
SKBTI.0134.1246794	2.06822	6.0	3.0
SKBTI.0134.1247142	3.78644	80.0	23.0
SKBTI.0135.1246390	3.64009	56.0	22.0
SKBTI.0136.1246640	1.89877	10.0	4.0
SKBTI.0136.1247052	4.05391	150.0	33.0
SKBTI.0137.1246515	11.28832	494.166666667	155.0
SKBTI.0138.1246557	13.08204	332.0	142.0
SKBTI.0139.1247077	5.66941	241.6	61.0
SKBTI.0140.1246133	2.83367	15.0	12.0
SKBTI.0141.1246144	4.77315	120.75	33.0
SKBTI.0141.1247198	0.64232	1.0	1.0
SKBTI.0142.1247126	6.45018	176.0	53.0
SKBTI.0143.1246531	6.67796	196.75	48.0
SKBTI.0143.1247308	1.92585	15.0	5.0
SKBTI.0144.1246362	8.45649	191.117647059	87.0
SKBTI.0145.1246298	9.37213	216.333333333	69.0
SKBTI.0146.1247223	2.17171	10.0	4.0
SKBTI.0147.1247156	6.75333	303.5	56.0
SKBTI.0148.1246192	11.31425	233.78125	130.0
SKBTI.0149.1246577	4.09689	76.4285714286	37.0
SKBTI.0150.1246545	1.12405	3.0	2.0
SKBTI.0150.1246990	2.91811	56.0	11.0
SKBTI.0151.1247294	9.675	174.714285714	80.0
SKBTI.0152.1246403	10.98204	339.555555556	122.0
SKBTI.0153.1247415	10.55582	362.157894737	137.0
SKBTI.0154.1246533	5.63534	73.4285714286	34.0
SKBTI.0154.1246746	0.84643	1.0	1.0
SKBTI.0155.1246919	11.91894	381.0	150.0
SKBTI.0156.1247394	11.04802	333.473684211	132.0
SKBTI.0157.1246707	1.04484	1.0	1.0
SKBTI.0157.1246907	5.14346	283.0	35.0
SKBTI.0158.1246412	8.22517	274.1	85.0
SKBTI.0159.1247391	4.71301	81.6	31.0
SKBTI.0160.1246964	6.34073	188.142857143	53.0
SKBTI.0161.1246229	8.7283	278.2	103.0
SKBTI.0162.1246517	18.63984	542.0	213.0
SKBTI.0163.1247195	4.71136	93.0	33.0
SKBTI.0164.1247217	10.86289	478.588235294	145.0
SKBTI.0165.1247112	3.3599	20.3333333333	11.0
SKBTI.0167.1247157	5.44529	242.0	67.0
SKBTI.0168.1246827	7.83525	152.105263158	100.0
SKBTI.0169.1247246	5.88216	148.625	56.0
SKBTI.0170.1246571	6.60181	136.461538462	67.0
SKBTI.0171.1246915	8.60996	234.5	95.0
SKBTI.0172.1246154	0.83166	1.0	1.0
SKBTI.0172.1246267	2.3448	21.0	6.0
SKBTI.0173.1246354	0.79165	1.0	1.0
SKBTI.0173.1246792	1.67818	10.0	4.0
SKBTI.0174.1247076	5.2255	79.0	33.0
SKBTI.0175.1246294	3.79587	105.0	30.0
SKBTI.0176.1246981	9.70243	163.666666667	82.0
SKBTI.0177.1246766	1.92089	6.0	3.0
SKBTI.0177.1247379	4.65565	80.5	28.0
SKBTI.0178.1246646	1.00967	6.0	3.0
SKBTI.0179.1246791	1.01395	3.0	2.0
SKBTI.0180.1246773	11.12548	580.076923077	152.0
SKBTI.0181.1246719	2.35794	21.0	6.0
SKBTI.0182.1247424	5.87167	179.545454545	77.0
SKBTI.0183.1246247	1.96046	10.0	4.0
SKBTI.0184.1247369	6.30009	165.0	54.0
SKBTI.0186.1246672	6.80596	146.5	64.0
SKBTI.0187.1246621	6.29307	277.5	78.0
SKBTI.0188.1246738	16.31823	440.6	212.0
SKBTI.0189.1246454	16.46989	721.954545455	214.0
SKBTI.0190.1246201	9.11738	247.111111111	76.0
SKBTI.0191.1246278	7.61769	198.272727273	73.0
SKBTI.0192.1246404	7.29428	282.5	70.0
SKBTI.0193.1246598	10.57395	196.55	102.0
SKBTI.0194.1246488	3.68144	52.25	26.0
SKBTI.0195.1246195	3.45876	63.6666666667	38.0
SKBTI.0196.1247109	4.16278	91.0	13.0
SKBTI.0197.1246614	6.32081	87.1428571429	37.0
SKBTI.0198.1246368	1.9851	6.0	3.0
SKBTI.0198.1247382	5.45239	152.5	26.0
SKBTI.0199.1247181	1.21187	1.0	1.0
SKBTI.0200.1246259	1.6625	3.0	2.0
SKBTI.0201.1246869	9.04199	387.157894737	137.0
SKBTI.0202.1246326	10.91669	290.12	137.0
SKBTI.0203.1246320	4.77881	79.25	50.0
SKBTI.0204.1247065	6.41371	117.0	47.0
SKBTI.0204.1247440	1.86094	10.0	4.0
SKBTI.0205.1247390	10.38141	434.058823529	137.0
SKBTI.0206.1247297	6.62268	192.545454545	72.0
SKBTI.0207.1246564	8.35118	147.5625	71.0
SKBTI.0208.1246281	4.80853	204.333333333	39.0
SKBTI.0209.1247020	4.87141	110.428571429	44.0
SKBTI.0209.1247324	3.07819	66.0	11.0
SKBTI.0210.1246599	5.6059	198.2	50.0
SKBTI.0211.1246916	2.76596	45.0	9.0
SKBTI.0211.1247078	0.69947	6.0	3.0
SKBTI.0212.1247473	5.89038	116.5	57.0
SKBTI.0213.1246213	1.37155	3.0	2.0
SKBTI.0213.1246384	5.70054	172.5	49.0
SKBTI.0214.1246893	9.15017	295.0	87.0
SKBTI.0215.1246555	15.84732	549.676470588	221.0
SKBTI.0216.1246266	9.69645	205.25	119.0
SKBTI.0217.1247447	9.06812	339.5	91.0
SKBTI.0218.1246657	9.37949	243.0	105.0
SKBTI.0219.1246800	6.5752	172.0	74.0
SKBTI.0220.1246190	3.48976	148.0	31.0
SKBTI.0221.1247435	3.91484	28.75	15.0
SKBTI.0222.1246765	1.64383	15.0	5.0
SKBTI.0223.1246802	1.3961	6.0	3.0
SKBTI.0223.1247281	3.20338	154.0	18.0
SKBTI.0224.1246955	1.83867	15.0	5.0
SKBTI.0226.1247136	2.21928	21.0	6.0
SKBTI.0226.1247286	4.47441	121.0	29.0
SKBTI.0227.1246253	3.01665	24.0	12.0
SKBTI.0227.1247270	1.66102	2.0	2.0
SKBTI.0228.1246851	4.72325	103.2	33.0
SKBTI.0228.1247018	0.72087	3.0	2.0
SKBTI.0229.1247019	2.71902	21.0	6.0
SKBTI.0230.1247005	0.73544	3.0	2.0
SKBTI.0230.1247214	4.39344	224.0	35.0
SKBTI.0231.1246532	8.40065	379.142857143	82.0
SKBTI.0232.1247457	9.2175	641.25	118.0
SKBTI.0233.1246991	7.4524	183.111111111	63.0
SKBTI.0234.1246423	6.61035	269.166666667	65.0
SKBTI.0235.1246605	6.05975	114.857142857	44.0
SKBTI.0236.1246777	7.75925	254.909090909	83.0
SKBTI.0237.1246742	5.70324	347.5	72.0
SKBTI.0238.1247283	8.93243	397.111111111	97.0
SKBTI.0239.1246848	7.3256	155.083333333	65.0
SKBTI.0240.1246634	5.11074	90.6	40.0
SKBTI.0241.1246904	6.96425	168.875	56.0
SKBTI.0242.1246464	7.61546	142.833333333	64.0
SKBTI.0243.1246262	1.76913	10.0	4.0
SKBTI.0244.1246930	3.59026	88.3333333333	25.0
SKBTI.0244.1247190	2.38462	10.3333333333	7.0
SKBTI.0245.1246270	3.33001	53.4285714286	29.0
SKBTI.0245.1247452	1.55521	10.0	4.0
SKBTI.0246.1246386	2.5521	14.5	7.0
SKBTI.0246.1247381	2.93198	81.0	24.0
SKBTI.0247.1247343	2.96472	49.0	25.0
SKBTI.0248.1247146	6.52912	228.4	94.0
SKBTI.0249.1246163	5.91382	93.75	55.0
SKBTI.0250.1246882	5.58887	155.2	43.0
SKBTI.0250.1246980	2.76892	53.0	14.0
SKBTI.0251.1247301	9.17825	364.8	102.0
SKBTI.0252.1246170	8.04659	352.6	97.0
SKBTI.0253.1246145	2.07576	18.5	8.0
SKBTI.0253.1247272	6.08866	197.2	49.0
SKBTI.0254.1246289	1.53324	6.0	3.0
SKBTI.0254.1246845	5.97146	84.7692307692	49.0
SKBTI.0255.1246590	1.92465	10.0	4.0
SKBTI.0255.1247176	1.19291	1.0	1.0
SKBTI.0256.1246186	0.99489	1.0	1.0
SKBTI.0256.1246764	4.39885	106.0	31.0
SKBTI.0257.1246558	9.57384	268.714285714	122.0
SKBTI.0258.1247419	12.76003	418.636363636	156.0
SKBTI.0259.1247216	5.84398	111.428571429	45.0
SKBTI.0260.1247152	7.92357	192.772727273	104.0
SKBTI.0261.1246330	1.75534	3.0	2.0
SKBTI.0261.1247357	2.52206	15.0	5.0
SKBTI.0262.1246176	1.19401	5.5	4.0
SKBTI.0262.1246726	4.9203	127.666666667	45.0
SKBTI.0263.1247241	5.53919	86.4285714286	40.0
SKBTI.0264.1246455	1.61405	10.0	4.0
SKBTI.0264.1247471	4.15655	52.5	27.0
SKBTI.0265.1246995	3.53099	37.0	9.0
SKBTI.0265.1247058	1.58868	6.0	3.0
SKBTI.0266.1247285	6.73938	140.0	50.0
SKBTI.0267.1246891	7.39694	281.625	75.0
SKBTI.0268.1247386	7.91646	219.583333333	77.0
SKBTI.0269.1246526	6.84718	165.111111111	60.0
SKBTI.0270.1247151	5.65122	270.25	55.0
SKBTI.0271.1246207	1.80008	17.0	10.0
SKBTI.0271.1246360	0.74533	1.0	1.0
SKBTI.0272.1247054	1.24941	3.0	2.0
SKBTI.0272.1247188	5.57573	160.0	34.0
SKBTI.0273.1247229	5.0608	71.2727272727	44.0
SKBTI.0274.1246503	4.44854	382.0	31.0
SKBTI.0274.1247097	2.87719	29.0	11.0
SKBTI.0275.1246424	4.77723	151.0	34.0
SKBTI.0275.1247370	3.0312	21.0	6.0
SKBTI.0276.1246951	7.34178	171.5	68.0
SKBTI.0277.1246562	5.96793	72.5	34.0
SKBTI.0277.1247443	2.70284	23.0	9.0
SKBTI.0278.1246500	9.58531	393.428571429	120.0
SKBTI.0279.1246859	6.15111	174.0	48.0
SKBTI.0280.1246774	2.73532	107.0	16.0
SKBTI.0281.1247228	6.95624	177.0	62.0
SKBTI.0282.1246147	1.64301	6.0	3.0
SKBTI.0282.1246785	4.99279	123.0	31.0
SKBTI.0283.1247094	7.01725	305.0	60.0
SKBTI.0284.1247364	7.07073	209.6	77.0
SKBTI.0285.1246960	6.52926	138.5625	71.0
SKBTI.0286.1247033	9.9617	212.153846154	76.0
SKBTI.0287.1247430	3.57676	73.0	22.0
SKBTI.0298.1246976	0.85943	1.0	1.0
SKBTI.0301.1246255	1.18764	1.0	1.0
SKBTI.0304.1247385	0.80603	1.0	1.0
SKBTI.0311.1246585	1.23462	1.0	1.0
SKBTI.0313.1246498	1.21187	1.0	1.0
SKBTI.0333.1247354	1.55378	3.0	2.0
SKBTI.0362.1246358	0.77709	1.0	1.0
SKBTI.0363.1247102	0.66037	1.0	1.0
SKBTI.0391.1246196	0.80523	1.0	1.0
SKBTI.0392.1246534	1.18818	10.0	4.0
SKBTI.0395.1246393	0.90218	3.0	2.0
SKBTI.0411.1246559	0.86631	1.0	1.0
SKBTI.0422.1247247	1.18995	1.0	1.0
SKBTI.0444.1246275	1.5411	14.5	7.0
SKBTI.0448.1246164	0.7623	1.0	1.0
SKBTI.0481.1246986	2.32049	8.0	6.0
SKBTI.0482.1246693	3.46667	77.5	25.0
SKBTI.0483.1247150	1.74607	7.0	4.0
SKBTI.0484.1247458	2.79901	23.0	9.0
SKBTI.0485.1246351	2.99705	62.5	17.0
SKBTI.0486.1246471	3.73563	69.5	17.0
SKBTI.0487.1247035	3.86196	140.5	25.0
SKBTI.0488.1246639	2.84968	79.0	13.0
SKBTI.0489.1246909	1.87521	13.0	10.0
SKBTI.0490.1246843	2.72714	23.0	14.0
SKBTI.0491.1246544	1.29472	8.0	5.0
SKBTI.0492.1246783	1.10799	3.0	2.0
SKBTI.0493.1246747	2.46625	57.0	12.0
SKBTI.0494.1246364	1.91766	11.0	6.0
SKBTI.0495.1247332	0.90503	1.0	1.0
SKBTI.0496.1246204	2.2054	21.0	6.0
SKBTI.0497.1247380	2.17889	19.0	12.0
SKBTI.0498.1246374	1.83288	28.0	10.0
SKBTI.0499.1247475	1.91257	15.5	8.0
SKBTI.0500.1247476	0.73961	1.0	1.0
SKBTI.0503.1246992	2.41176	10.3333333333	7.0
SKBTI.0504.1246609	3.788	73.0	31.0
SKBTI.0505.1246761	1.7666	3.5	3.0
SKBTI.0506.1246925	1.8915	10.0	4.0
SKBTI.0507.1246187	2.22031	33.5	11.0
SKBTI.0508.1246383	1.61125	15.5	8.0
SKBTI.0510.1246292	3.28839	37.0	15.0
SKBTI.0511.1246178	2.45591	46.0	13.0
SKBTI.0512.1246797	2.68249	37.0	15.0
SKBTI.0513.1246597	1.90762	9.0	6.0
SKBTI.0514.1246749	2.79751	36.0	8.0
SKBTI.0515.1246849	1.32954	5.5	4.0
SKBTI.0516.1247182	3.24446	36.2	18.0
SKBTI.0517.1247211	2.41665	14.5	7.0
SKBTI.0518.1246864	0.72004	3.0	2.0
SKBTI.0519.1246686	1.9563	5.5	4.0
SKBTI.0520.1246392	0.73107	1.0	1.0
SKBTI.0521.1246921	1.08531	2.0	2.0
SKBTI.0522.1247183	4.89441	63.6666666667	33.0
SKBTI.0523.1246271	2.34917	56.0	11.0
SKBTI.0524.1247451	2.81556	46.0	13.0
SKBTI.0525.1246911	0.81575	3.0	2.0
SKBTI.0526.1246560	1.54475	7.0	4.0
SKBTI.0527.1246814	1.03444	3.0	2.0
SKBTI.0528.1246670	1.59677	15.0	5.0
SKBTI.0529.1246436	1.64539	6.0	3.0
SKBTI.0530.1246967	4.67201	91.0	31.0
SKBTI.0531.1246710	1.83003	24.0	10.0
SKBTI.0532.1247122	2.64883	21.0	6.0
SKBTI.0533.1246396	3.98794	141.5	26.0
SKBTI.0534.1247001	3.52487	36.2	18.0
SKBTI.0536.1246602	2.08203	21.0	6.0
SKBTI.0537.1246513	2.24241	33.5	11.0
SKBTI.0538.1247331	1.56556	5.5	4.0
SKBTI.0539.1247023	4.48572	326.0	26.0
SKBTI.0540.1246250	2.58746	13.0	8.0
SKBTI.0541.1246998	1.81247	21.0	6.0
SKBTI.0542.1247221	1.7579	5.5	4.0
SKBTI.0543.1246535	0.76062	4.0	3.0
SKBTI.0544.1246933	5.06423	113.6	38.0
SKBTI.0545.1247474	1.80911	6.0	3.0
SKBTI.0546.1246182	1.87156	28.0	7.0
SKBTI.0547.1246855	0.65786	1.0	1.0
SKBTI.0548.1246238	1.33403	10.0	4.0
SKBTI.0549.1247310	3.78807	65.3333333333	20.0
SKBTI.0550.1246570	0.83613	3.0	2.0
SKBTI.0551.1246805	3.72951	62.0	24.0
SKBTI.0552.1246197	2.54404	18.5	8.0
SKBTI.0554.1247233	1.63881	3.0	2.0
SKBTI.0555.1246287	2.27447	10.0	4.0
SKBTI.0556.1247290	3.71682	58.0	18.0
SKBTI.0557.1246763	1.04993	1.0	1.0
SKBTI.0558.1247236	2.62862	10.3333333333	7.0
SKBTI.0559.1246999	1.90724	8.0	5.0
SKBTI.0560.1247148	0.63513	1.0	1.0
SKBTI.0561.1246516	1.72959	3.5	3.0
SKBTI.0562.1247438	3.56306	55.0	21.0
SKBTI.0563.1246778	3.36473	25.0	13.0
SKBTI.0564.1246636	2.0958	15.0	5.0
SKBTI.0565.1246379	1.85902	10.0	4.0
SKBTI.0566.1246220	3.35384	55.0	10.0
SKBTI.0567.1247219	5.27125	63.6666666667	32.0
SKBTI.0568.1246405	2.42206	26.0	12.0
SKBTI.0569.1247213	1.21708	3.0	2.0
SKBTI.0570.1247123	2.54898	55.0	10.0
SKBTI.0571.1246927	1.62045	3.5	3.0
SKBTI.0572.1246658	1.58977	15.0	5.0
SKBTI.0573.1246286	2.24226	91.0	13.0
SKBTI.0574.1246493	1.62542	15.0	5.0
SKBTI.0575.1246760	1.3396	10.0	4.0
SKBTI.0576.1246806	1.6165	11.0	6.0
SKBTI.0577.1246680	1.9476	8.0	5.0
SKBTI.0578.1247315	1.66726	8.0	5.0
SKBTI.0579.1247464	2.99622	16.0	9.0
SKBTI.0580.1246725	1.90991	22.0	7.0
SKBTI.0581.1247204	1.09452	6.0	3.0
SKBTI.0583.1246788	1.94346	15.5	8.0
SKBTI.0584.1247349	0.73107	1.0	1.0
SKBTI.0585.1246750	2.90922	19.0	12.0
SKBTI.0587.1246373	1.48598	4.0	3.0
SKBTI.0588.1247477	2.59048	66.0	11.0
SKBTI.0589.1247007	2.87753	79.0	22.0
SKBTI.0590.1246908	2.49519	47.0	11.0
SKBTI.0591.1247012	2.68433	13.0	8.0
SKBTI.0592.1246198	3.05451	233.0	23.0
SKBTI.0593.1247128	0.62498	1.0	1.0
SKBTI.0594.1246183	1.62111	10.0	4.0
SKBTI.0595.1247237	0.6822	1.0	1.0
SKBTI.0596.1246518	2.20201	29.0	8.0
SKBTI.0597.1246309	1.56215	21.0	6.0
SKBTI.0598.1247404	2.50144	5.5	4.0
SKBTI.0599.1246538	5.21336	117.428571429	42.0
SKBTI.0600.1247446	3.17481	32.6	17.0
SKBTI.0601.1247363	1.57449	22.0	7.0
SKBTI.0603.1246269	3.84037	69.0	27.0
SKBTI.0604.1246336	1.56329	10.0	4.0
SKBTI.0605.1247159	2.18878	16.0	6.0
SKBTI.0606.1246635	1.64806	3.0	2.0
SKBTI.0607.1246446	2.55204	11.0	6.0
SKBTI.0608.1246779	1.81161	2.0	2.0
SKBTI.0609.1246252	1.68962	6.0	3.0
SKBTI.0610.1246310	2.78229	37.0	9.0
SKBTI.0611.1246512	2.76092	136.0	16.0
SKBTI.0613.1246236	4.95679	132.0	32.0
SKBTI.0614.1246948	2.27433	79.0	13.0
SKBTI.0615.1246962	4.02207	109.0	34.0
SKBTI.0617.1246816	1.09501	3.0	2.0
SKBTI.0618.1247191	1.23796	3.0	2.0
SKBTI.0619.1247073	3.83913	96.5	20.0
SKBTI.0620.1246529	2.73497	55.0	10.0
SKBTI.0621.1246627	1.868	11.0	6.0
SKBTI.0622.1247025	1.73057	11.0	6.0
SKBTI.0623.1246521	5.29676	101.0	38.0
SKBTI.0624.1246633	1.66371	10.0	4.0
SKBTI.0626.1246860	3.7604	65.75	23.0
SKBTI.0627.1247444	2.17448	11.0	6.0
SKBTI.0629.1246291	1.89492	21.0	6.0
SKBTI.0630.1246580	3.66691	52.2	25.0
SKBTI.0631.1247041	2.50299	15.0	5.0
SKBTI.0632.1246416	2.0993	10.0	4.0
SKBTI.0633.1246227	5.71218	75.5	38.0
SKBTI.0634.1246139	2.82566	46.0	13.0
SKBTI.0635.1247107	1.65023	15.0	5.0
SKBTI.0636.1246335	3.31983	56.0	17.0
SKBTI.0637.1246248	4.91211	81.6	31.0
SKBTI.0638.1247079	0.967	4.0	3.0
SKBTI.0640.1246181	3.69825	99.5	23.0
SKBTI.0641.1246956	1.28959	3.0	2.0
SKBTI.0641.1247015	0.55175	1.0	1.0
SKBTI.0642.1246507	0.75315	3.0	2.0
SKBTI.0643.1246702	3.92831	137.0	17.0
SKBTI.0645.1247145	5.3977	79.8	42.0
SKBTI.0646.1246846	1.75275	8.0	5.0
SKBTI.0647.1247016	0.63256	1.0	1.0
SKBTI.0648.1246473	3.41956	36.5	17.0
SKBTI.0650.1246901	4.08507	61.0	31.0
SKBTI.0651.1246810	2.31145	36.0	8.0
SKBTI.0652.1246739	1.13646	15.0	5.0
SKBTI.0653.1246736	2.60017	13.0	8.0
SKBTI.0654.1246889	2.50666	28.75	15.0
SKBTI.0655.1246662	1.21187	1.0	1.0
SKBTI.0656.1246508	3.29173	36.5	17.0
SKBTI.0658.1246553	4.21479	171.0	18.0
SKBTI.0659.1247328	2.07677	8.0	6.0
SKBTI.0660.1246329	3.43606	49.5	24.0
SKBTI.0661.1246409	2.08248	15.0	5.0
SKBTI.0662.1246426	2.96106	120.0	15.0
SKBTI.0663.1247277	1.98865	21.0	6.0
SKBTI.0664.1247460	2.6293	30.0	12.0
SKBTI.0665.1246284	3.9307	80.0	23.0
SKBTI.0666.1246852	1.85089	10.0	4.0
SKBTI.0667.1246339	1.99685	6.0	3.0
SKBTI.0669.1246782	3.22519	137.0	17.0
SKBTI.0670.1246349	1.30228	3.5	3.0
SKBTI.0671.1247010	3.43921	39.5	12.0
SKBTI.0672.1246496	0.84366	3.0	2.0
SKBTI.0672.1246688	0.77873	6.0	3.0
SKBTI.0674.1246315	1.35705	2.0	2.0
SKBTI.0675.1246665	1.46458	6.0	3.0
SKBTI.0676.1247410	1.67974	6.0	3.0
SKBTI.0678.1247402	1.2041	1.0	1.0
SKBTI.0679.1247172	0.64015	1.0	1.0
SKBTI.0682.1246734	1.19959	1.0	1.0
SKBTI.0683.1247039	0.72163	1.0	1.0
SKBTI.0684.1246689	1.79889	11.0	6.0
SKBTI.0688.1246780	0.6961	1.0	1.0
SKBTI.0689.1246344	0.81201	1.0	1.0
SKBTI.0690.1246273	0.66733	1.0	1.0
SKBTI.0692.1246233	0.7862	1.0	1.0
SKBTI.0697.1247296	0.70636	1.0	1.0
SKBTI.0700.1247095	0.91848	1.0	1.0
SKBTI.0703.1246441	0.89267	6.0	3.0
SKBTI.0704.1246421	2.97553	46.0	10.0
SKBTI.0705.1246279	0.73334	1.0	1.0
SKBTI.0705.1247060	1.04993	1.0	1.0
SKBTI.0706.1246831	0.99486	1.0	1.0
SKBTI.0707.1246608	1.61946	6.0	3.0
SKBTI.0708.1246834	0.68456	1.0	1.0
SKBTI.0710.1246478	1.04167	1.0	1.0
SKBTI.0713.1246511	0.62509	1.0	1.0
SKBTI.0715.1246268	0.93107	1.0	1.0
SKBTI.0716.1246727	2.82343	120.0	15.0
SKBTI.0717.1246969	2.45324	15.0	5.0
SKBTI.0719.1246628	1.00871	6.0	3.0
SKBTI.0721.1246444	1.43181	3.0	2.0
SKBTI.0722.1247245	1.84636	11.0	6.0
SKBTI.0727.1246209	1.04542	1.0	1.0
SKBTI.0730.1247082	0.90503	1.0	1.0
SKBTI.0731.1246888	1.63104	3.0	2.0
SKBTI.0731.1247425	1.92134	10.0	4.0
SKBTI.0732.1246896	0.64836	1.0	1.0
SKBTI.0733.1246582	1.84017	21.0	6.0
SKBTI.0734.1246141	1.69608	6.0	3.0
SKBTI.0737.1247337	1.07466	2.0	2.0
SKBTI.0739.1246718	1.54294	3.0	2.0
SKBTI.0740.1246520	0.73044	1.0	1.0
SKBTI.0741.1246770	2.19866	15.0	5.0
SKBTI.0742.1247322	2.11405	15.0	5.0
SKBTI.0744.1247422	1.59212	10.0	4.0
SKBTI.0746.1246641	0.80603	1.0	1.0
SKBTI.0749.1246228	0.87714	1.0	1.0
SKBTI.0750.1247414	1.89923	15.0	5.0
SKBTI.0751.1246389	1.01088	1.0	1.0
SKBTI.0752.1246808	1.31509	6.0	3.0
SKBTI.0754.1246954	1.95836	10.0	4.0
SKBTI.0755.1246781	1.824	22.0	7.0
SKBTI.0756.1246400	1.01838	1.0	1.0
SKBTI.0756.1247104	1.51799	6.0	3.0
SKBTI.0757.1246505	2.2739	23.0	9.0
SKBTI.0758.1246673	1.39434	3.0	2.0
SKBTI.0759.1247269	2.08991	6.0	3.0
SKBTI.0761.1246264	1.86804	22.0	7.0
SKBTI.0762.1247378	0.67895	1.0	1.0
SKBTI.0763.1246872	1.56949	3.0	2.0
SKBTI.0764.1246696	1.84915	10.0	4.0
SKBTI.0765.1246651	0.6247	1.0	1.0
SKBTI.0766.1246308	1.56809	6.0	3.0
SKBTI.0767.1246623	1.18786	3.0	2.0
SKBTI.0767.1246917	0.631	1.0	1.0
SKBTI.0768.1246711	1.55549	3.0	2.0
SKBTI.0839.1246690	0.99113	1.0	1.0
SKBTI.0865.1246401	1.21187	1.0	1.0
SKBTI.0866.1247116	1.23083	3.0	2.0
SKBTI.0867.1247189	3.71657	22.0	7.0
SKBTI.0868.1246331	0.6961	1.0	1.0
SKBTI.0869.1247257	1.77909	3.0	2.0
SKBTI.0870.1246169	2.59731	45.0	9.0
SKBTI.0871.1246124	2.83134	9.0	6.0
SKBTI.0872.1247209	1.51647	6.0	3.0
SKBTI.0876.1246377	2.66307	16.0	9.0
SKBTI.0877.1246934	0.7096	3.0	2.0
SKBTI.0878.1246465	1.83988	6.0	3.0
SKBTI.0881.1246323	3.18952	28.0	10.0
SKBTI.0882.1246581	0.68679	1.0	1.0
SKBTI.0883.1246205	1.32687	6.0	3.0
SKBTI.0884.1247441	2.24557	21.0	6.0
SKBTI.0885.1246629	1.68016	2.0	2.0
SKBTI.0886.1247252	2.05067	10.0	4.0
SKBTI.0888.1247295	2.11497	14.5	7.0
SKBTI.0889.1246530	1.77302	7.0	4.0
SKBTI.0890.1246256	1.97383	6.0	3.0
SKBTI.0891.1246968	1.04054	3.0	2.0
SKBTI.0892.1246132	2.01589	6.0	3.0
SKBTI.0893.1246194	1.33609	3.0	2.0
SKBTI.0895.1246868	1.66763	3.0	2.0
SKBTI.0908.1247330	2.59127	28.0	7.0
SKBTI.0910.1246537	2.91855	55.0	10.0
SKBTI.0911.1246361	1.15383	6.0	3.0
SKBTI.0912.1247348	2.93763	21.0	6.0
SKBTI.0913.1246936	0.7291	1.0	1.0
SKBTI.0914.1246971	0.78337	1.0	1.0
SKBTI.0915.1247359	1.79625	10.0	4.0
SKBTI.0916.1247466	0.869	1.0	1.0
SKBTI.0917.1246240	1.30448	3.0	2.0
SKBTI.0918.1246997	1.49758	3.0	2.0
SKBTI.0919.1246366	1.07563	6.0	3.0
SKBTI.0921.1247351	1.8511	6.0	3.0
SKBTI.0922.1247339	0.88955	1.0	1.0
SKBTI.0924.1246543	1.22906	3.0	2.0
SKBTI.0925.1247367	1.0269	3.5	3.0
SKBTI.0927.1247468	1.04678	1.0	1.0
SKBTI.0928.1246940	2.0014	5.5	4.0
SKBTI.0929.1246260	1.50825	10.0	4.0
SKBTI.0930.1247051	0.91385	6.0	3.0
SKBTI.0931.1247311	1.95212	15.0	5.0
SKBTI.0932.1246975	1.8767	10.0	4.0
SKBTI.0933.1246235	1.63981	6.0	3.0
SKBTI.0934.1246826	2.48819	66.0	11.0
SKBTI.0935.1246261	2.6104	15.0	5.0
SKBTI.0936.1247276	4.13805	55.0	16.0
SKBTI.0937.1247302	1.84474	21.0	6.0
SKBTI.0939.1246784	0.82807	3.0	2.0
SKBTI.0940.1246210	2.77597	14.5	7.0
SKBTI.0942.1246434	1.89035	3.5	3.0
SKBTI.0943.1246435	1.47268	3.0	2.0
SKBTI.0944.1246472	1.80882	6.0	3.0
SKBTI.0945.1246328	2.33136	45.0	9.0
SKBTI.0947.1246381	1.32133	3.0	2.0
SKBTI.0949.1246937	1.8027	10.0	4.0
SKBTI.0951.1246127	0.77872	1.0	1.0
SKBTI.0952.1247368	1.36198	6.0	3.0
SKBTI.0953.1247267	1.65787	3.0	2.0
SKBTI.0954.1246174	1.31027	3.0	2.0
SKBTI.0956.1247154	3.65788	120.0	15.0
SKBTI.0957.1246483	1.84999	6.0	3.0
SKBTI.0958.1246251	2.08389	10.0	4.0
SKBTI.0961.1246630	6.24529	154.090909091	60.0
SKBTI.0963.1246653	15.5469	562.12244898	286.0
SKBTI.0965.1247047	14.61625	529.24137931	208.0
SKBTI.0966.1246408	8.48284	266.0	89.0
SKBTI.0967.1247125	17.32147	712.733333333	301.0
SKBTI.0968.1247333	16.21419	801.447368421	283.0
SKBTI.0969.1246876	7.76219	147.1	61.0
SKBTI.0970.1246745	13.47346	591.103448276	216.0
SKBTI.0971.1246484	10.12414	317.130434783	143.0
SKBTI.0972.1247111	12.85178	431.434782609	166.0
SKBTI.0973.1246509	10.62894	308.571428571	200.0
SKBTI.0974.1246790	9.61394	352.676470588	189.0
SKBTI.0976.1246407	6.32173	185.0	55.0
SKBTI.0977.1247053	4.52867	65.3333333333	20.0
SKBTI.0979.1247383	18.04068	512.162162162	230.0
SKBTI.0980.1246677	7.35878	191.666666667	90.0
SKBTI.0981.1247206	14.79097	636.260869565	201.0
SKBTI.0982.1247037	12.38581	481.4	165.0
SKBTI.0983.1247361	11.85265	417.0	152.0
SKBTI.0984.1246902	13.92463	494.913043478	174.0
SKBTI.0985.1247086	10.76632	391.454545455	148.0
SKBTI.0987.1246620	4.60317	161.0	50.0
SKBTI.0988.1247352	15.18143	744.4	286.0
SKBTI.0989.1246840	16.23498	784.534883721	303.0
SKBTI.0991.1247254	8.94371	142.928571429	69.0
SKBTI.0992.1246474	5.58717	122.125	52.0
SKBTI.0994.1246822	13.86688	524.035714286	201.0
SKBTI.0995.1247413	10.1913	296.103448276	158.0
SKBTI.0996.1246375	8.55817	354.142857143	146.0
SKBTI.0997.1246861	10.96904	285.954545455	135.0
SKBTI.0998.1247434	8.18558	348.636363636	137.0
SKBTI.0999.1246492	11.97741	387.6	187.0
SKBTI.1000.1246231	8.83319	203.333333333	78.0
SKBTI.1002.1246244	17.00135	556.0	208.0
SKBTI.1003.1246619	12.70377	424.568181818	219.0
SKBTI.1004.1247345	9.3172	326.136363636	140.0
SKBTI.1006.1246720	11.28101	353.516129032	174.0
SKBTI.1007.1246208	7.57387	189.052631579	99.0
SKBTI.1008.1246146	10.3796	360.636363636	149.0
SKBTI.1009.1246428	11.36726	472.352941176	145.0
SKBTI.1010.1246481	7.05359	250.875	72.0
SKBTI.1011.1247377	8.38003	278.333333333	120.0
SKBTI.1012.1246610	10.00679	275.0	140.0
SKBTI.1013.1246730	13.73189	783.928571429	185.0
SKBTI.1014.1247306	9.55972	345.0	135.0
SKBTI.1015.1246193	9.97465	323.272727273	133.0
SKBTI.1016.1246272	11.25837	271.433333333	158.0
SKBTI.1017.1246799	11.74875	463.058823529	148.0
SKBTI.1018.1246280	18.44921	614.243902439	268.0
SKBTI.1019.1246282	10.74516	294.4375	121.0
SKBTI.1020.1246239	3.80756	67.75	25.0
SKBTI.1021.1246789	10.07646	364.75	120.0
SKBTI.1022.1246350	10.27775	271.0	117.0
SKBTI.1023.1246119	11.53328	301.0	143.0
SKBTI.1024.1246425	7.22642	184.909090909	78.0
SKBTI.1025.1247303	6.92157	117.583333333	68.0
SKBTI.1026.1246716	5.22807	144.2	45.0
SKBTI.1028.1246874	5.34443	269.857142857	73.0
SKBTI.1029.1246449	11.83075	353.260869565	155.0
SKBTI.1030.1246748	4.99089	80.0	23.0
SKBTI.1031.1247110	10.47978	418.652173913	158.0
SKBTI.1032.1247227	8.33137	245.0	80.0
SKBTI.1033.1246475	4.9315	113.666666667	46.0
SKBTI.1034.1246338	8.59337	350.545454545	105.0
SKBTI.1035.1246669	9.79358	364.315789474	144.0
SKBTI.1036.1247004	12.88322	573.333333333	170.0
SKBTI.1037.1246499	2.05119	23.0	8.0
SKBTI.1038.1246448	4.4182	68.2307692308	47.0
SKBTI.1039.1246497	11.415	353.058823529	133.0
SKBTI.1041.1246755	24.53559	902.4375	420.0
SKBTI.1042.1246604	8.56151	431.0	112.0
SKBTI.1043.1246489	5.36072	136.5	35.0
SKBTI.1044.1247469	15.56452	631.228571429	254.0
SKBTI.1045.1247193	11.39495	573.055555556	163.0
SKBTI.1046.1246367	11.80416	373.25	167.0
SKBTI.1047.1247373	14.41589	489.774193548	198.0
SKBTI.1048.1246199	16.36428	458.078125	274.0
SKBTI.1049.1246565	4.13475	74.5	27.0
SKBTI.1050.1246293	7.9828	147.352941176	81.0
SKBTI.1051.1246225	10.92878	326.527777778	169.0
SKBTI.1052.1246226	10.72337	424.894736842	143.0
SKBTI.1053.1246926	17.15334	882.2	271.0
SKBTI.1054.1247185	16.64341	608.0	223.0
SKBTI.1055.1247319	4.74739	219.428571429	65.0
SKBTI.1056.1246237	10.19458	276.75	117.0
SKBTI.1057.1247436	13.05933	686.588235294	178.0
SKBTI.1058.1246865	10.23652	383.052631579	138.0
SKBTI.1060.1246847	9.45405	524.0	136.0
SKBTI.1061.1246417	16.47164	590.169491525	311.0
SKBTI.1062.1246758	15.09254	442.909090909	266.0
SKBTI.1063.1246477	8.14459	278.0	124.0
SKBTI.1064.1247129	7.82406	266.157894737	124.0
SKBTI.1065.1246587	9.36257	284.0	149.0
SKBTI.1066.1246699	9.08065	267.666666667	136.0
SKBTI.1067.1246307	12.11151	458.230769231	179.0
SKBTI.1068.1246950	10.35612	307.647058824	131.0
SKBTI.1069.1246203	8.17737	200.4	94.0
SKBTI.1070.1246370	10.19548	219.5	111.0
SKBTI.1072.1247135	7.65629	235.6	55.0
SKBTI.1073.1246935	10.94277	293.05	139.0
SKBTI.1074.1246979	17.73811	709.55	209.0
SKBTI.1075.1246420	7.33874	477.2	74.0
SKBTI.1076.1246152	9.08794	306.928571429	114.0
SKBTI.1077.1247114	10.65154	287.833333333	121.0
SKBTI.1078.1246823	10.6781	295.136363636	129.0
SKBTI.1079.1246482	13.61191	422.25	177.0
SKBTI.1081.1246410	10.8779	374.166666667	151.0
SKBTI.1084.1247144	9.86786	295.25	94.0
SKBTI.1085.1247412	7.9958	238.4	91.0
SKBTI.1086.1246708	15.84154	427.212765957	229.0
SKBTI.1087.1247320	10.60606	457.090909091	117.0
SKBTI.1088.1246462	12.97498	396.454545455	153.0
SKBTI.1089.1246274	11.09997	345.125	143.0
SKBTI.1090.1246539	10.92622	363.5	136.0
SKBTI.1091.1247164	6.81954	98.25	62.0
SKBTI.1092.1246638	9.90467	351.4375	123.0
SKBTI.1093.1246216	11.80735	393.111111111	167.0
SKBTI.1094.1247346	11.01027	363.565217391	144.0
SKBTI.1097.1246573	12.3275	543.142857143	180.0
SKBTI.1098.1247042	13.21624	494.620689655	201.0
SKBTI.1099.1247163	7.30088	202.461538462	84.0
SKBTI.1100.1246300	10.08684	292.647058824	116.0
SKBTI.1103.1247081	5.88549	125.75	64.0
SKBTI.1104.1246588	13.40745	338.25	138.0
SKBTI.1105.1246830	15.19634	533.0	193.0
SKBTI.1106.1246873	15.46658	593.625	194.0
SKBTI.1108.1246648	9.17804	242.3	77.0
SKBTI.1109.1247174	8.26479	287.333333333	84.0
SKBTI.1111.1246524	2.4983	26.0	12.0
SKBTI.1112.1247280	6.28207	198.545454545	78.0
SKBTI.1113.1246880	3.85891	71.5	33.0
SKBTI.1114.1246342	6.98116	531.0	93.0
SKBTI.1115.1247450	9.20934	343.5	106.0
SKBTI.1116.1247309	12.72409	353.434782609	151.0
SKBTI.1117.1247057	5.60608	172.0	46.0
SKBTI.1118.1247169	6.87019	160.0	70.0
SKBTI.1120.1246645	9.58452	255.4	99.0
SKBTI.1121.1246265	7.30753	212.333333333	84.0
SKBTI.1122.1247240	20.13023	860.642857143	318.0
SKBTI.1123.1247207	10.23436	323.894736842	127.0
SKBTI.1124.1246490	7.33718	171.0	86.0
SKBTI.1125.1247091	15.54558	593.260869565	200.0
SKBTI.1126.1246316	25.50378	876.375	402.0
SKBTI.1127.1246735	13.56054	412.789473684	147.0
SKBTI.1128.1246963	11.01837	351.913043478	141.0
SKBTI.1129.1246576	8.54669	235.5	88.0
SKBTI.1130.1246867	11.09393	400.956521739	159.0
SKBTI.1134.1246714	7.15386	97.1111111111	42.0
SKBTI.1135.1246413	11.78845	394.285714286	149.0
SKBTI.1136.1246957	10.42509	491.4375	137.0
SKBTI.1138.1247238	9.15684	410.909090909	109.0
SKBTI.1140.1246476	14.01355	420.105263158	149.0
SKBTI.1141.1246341	14.30701	481.619047619	164.0
SKBTI.1142.1246900	15.67011	624.517241379	234.0
SKBTI.1144.1246149	4.97034	96.5	38.0
SKBTI.1145.1246684	11.4	367.0	139.0
SKBTI.1146.1246654	4.55316	93.1666666667	39.0
SKBTI.1147.1247101	12.46964	333.451612903	164.0
SKBTI.1148.1246752	9.40508	206.5	84.0
SKBTI.1149.1246179	11.35622	486.052631579	153.0
SKBTI.1151.1247347	2.46101	29.0	8.0
SKBTI.1152.1247201	18.74118	769.4375	266.0
SKBTI.1153.1247397	8.01189	176.25	58.0
SKBTI.1155.1246722	7.38855	254.909090909	94.0
SKBTI.1160.1246345	3.73309	60.25	22.0
SKBTI.1162.1246549	11.37319	356.714285714	135.0
SKBTI.1165.1246502	16.98306	566.228571429	234.0
SKBTI.1166.1247021	7.62208	114.666666667	60.0
SKBTI.1167.1246325	13.10524	401.8	224.0
SKBTI.1168.1247199	11.30596	396.391304348	159.0
SKBTI.1170.1246122	12.57929	383.833333333	141.0
SKBTI.1171.1246681	4.00726	112.4	63.0
SKBTI.1172.1247248	14.61477	552.0	177.0
SKBTI.1173.1247321	4.02824	155.428571429	55.0
SKBTI.1174.1246939	5.09854	163.090909091	69.0
SKBTI.1175.1246501	3.51704	113.333333333	29.0
SKBTI.1176.1247064	8.15457	292.833333333	103.0
SKBTI.1177.1246155	9.21664	169.090909091	75.0
SKBTI.1178.1246304	15.18638	741.64	220.0
SKBTI.1180.1246130	8.94575	439.0	124.0
SKBTI.1182.1247072	20.34048	594.588235294	239.0
SKBTI.1183.1246467	7.80604	197.647058824	97.0
SKBTI.1184.1247184	16.87673	589.651162791	275.0
SKBTI.1185.1247366	11.34142	336.588235294	176.0
SKBTI.1186.1247395	5.31535	244.6	85.0
SKBTI.1187.1246947	15.51613	688.325	272.0
SKBTI.1188.1246977	11.96616	352.3	143.0
SKBTI.1189.1246772	15.8595	485.6	200.0
SKBTI.1191.1247392	7.37742	121.526315789	74.0
SKBTI.1192.1247336	7.86875	260.875	82.0
SKBTI.1193.1246398	15.63685	548.0	200.0
SKBTI.1194.1246932	13.62759	605.789473684	178.0
SKBTI.1195.1247299	7.03921	170.176470588	86.0
SKBTI.1196.1247407	10.12665	249.315789474	111.0
SKBTI.1197.1247292	11.60949	337.333333333	138.0
SKBTI.1200.1247173	9.76617	352.25	146.0
SKBTI.1201.1246480	13.52864	463.25	182.0
SKBTI.1202.1246546	4.7857	124.75	37.0
SKBTI.1203.1246230	11.15128	387.647058824	136.0
SKBTI.1204.1246618	11.31536	460.4	137.0
SKBTI.1205.1247372	15.13169	547.433333333	209.0
SKBTI.1206.1246813	6.69637	129.076923077	66.0
SKBTI.1207.1246567	7.25455	135.545454545	75.0
SKBTI.1208.1247059	5.09506	145.142857143	50.0
SKBTI.1209.1246285	5.56309	126.045454545	79.0
SKBTI.1210.1246931	9.48373	323.8	128.0
SKBTI.1211.1247024	7.61103	511.0	93.0
SKBTI.1213.1247264	2.69382	16.25	11.0
SKBTI.1214.1246879	3.92466	89.25	42.0
SKBTI.1215.1246343	9.05586	333.12	143.0
SKBTI.1217.1247088	10.59477	319.285714286	137.0
SKBTI.1218.1246167	10.66044	252.161290323	137.0
SKBTI.1220.1246728	14.08714	376.567567568	190.0
SKBTI.1221.1246578	12.67689	450.037037037	190.0
SKBTI.1222.1247133	9.25522	285.15	115.0
SKBTI.1223.1247448	10.78402	301.037037037	146.0
SKBTI.1224.1246466	7.10853	160.0	74.0
SKBTI.1225.1246395	9.5959	306.473684211	123.0
SKBTI.1226.1247384	19.49659	829.23255814	314.0
SKBTI.1227.1246129	17.08978	695.5	239.0
SKBTI.1228.1247034	3.91107	66.1111111111	38.0
SKBTI.1229.1246952	17.32268	741.117647059	262.0
SKBTI.1230.1246913	3.26082	92.3333333333	44.0
SKBTI.1231.1246660	9.28395	324.043478261	146.0
SKBTI.1232.1247225	9.75009	470.0	143.0
SKBTI.1235.1246803	11.24528	332.375	165.0
SKBTI.1236.1246678	9.92001	280.555555556	118.0
SKBTI.1237.1246429	12.8014	493.285714286	203.0
SKBTI.1238.1247200	11.22753	292.565217391	141.0
SKBTI.1239.1246712	12.51417	361.260869565	163.0
SKBTI.1241.1247284	8.44599	240.913043478	117.0
SKBTI.1242.1246188	10.60826	579.4	150.0
SKBTI.1244.1247437	9.03306	175.517241379	128.0
SKBTI.1245.1246863	12.66728	350.576923077	164.0
SKBTI.1246.1247160	10.33247	286.052631579	128.0
SKBTI.1248.1247428	10.40462	486.4	143.0
SKBTI.1249.1246317	6.87947	184.0	69.0
SKBTI.1251.1247304	13.29219	468.454545455	160.0
SKBTI.1252.1247124	11.68631	340.037037037	153.0
SKBTI.1253.1246606	10.46153	196.75	127.0
SKBTI.1254.1246881	16.67553	510.275	242.0
SKBTI.1255.1246440	13.25263	441.0	142.0
SKBTI.1256.1246243	9.68842	175.071428571	84.0
SKBTI.1257.1247275	6.96875	230.375	71.0
SKBTI.1258.1246723	10.57577	351.619047619	139.0
SKBTI.1259.1247265	7.05043	217.555555556	102.0
SKBTI.1260.1246828	9.93058	258.5	122.0
SKBTI.1261.1246687	8.94464	235.058823529	105.0
SKBTI.1262.1247411	4.4512	80.0	23.0
SKBTI.1263.1246506	8.72585	346.4	114.0
SKBTI.1264.1247153	6.88492	222.75	85.0
SKBTI.1265.1246692	11.49953	419.791666667	170.0
SKBTI.1266.1246943	11.49723	488.2	138.0
SKBTI.1268.1246698	5.48912	136.75	58.0
SKBTI.1269.1247030	10.44027	298.0	137.0
SKBTI.1270.1246946	7.96792	167.0	89.0
SKBTI.1271.1247423	13.52856	307.25	161.0
SKBTI.1272.1246551	8.08568	240.1875	102.0
SKBTI.1273.1247465	11.80874	477.75	143.0
SKBTI.1276.1246123	9.88309	282.272727273	135.0
SKBTI.1279.1246495	7.15136	189.217391304	107.0
SKBTI.1280.1246994	4.259	156.2	44.0
SKBTI.1281.1246303	9.81446	217.75	120.0
SKBTI.1282.1246682	4.00462	54.0	19.0
SKBTI.1283.1247418	10.91767	414.105263158	143.0
SKBTI.1284.1247147	8.59455	232.5	84.0
SKBTI.1285.1246958	5.86011	102.0	37.0
SKBTI.1286.1247055	6.47533	178.352941176	91.0
SKBTI.1287.1246942	5.7608	190.363636364	79.0
SKBTI.1288.1247416	5.73939	176.0	66.0
SKBTI.1289.1247274	10.33478	394.315789474	139.0
SKBTI.1291.1247334	8.59656	185.1	77.0
SKBTI.1292.1246547	7.77938	210.666666667	80.0
SKBTI.1293.1246451	13.99178	708.0	225.0
SKBTI.1294.1246815	15.04025	584.103448276	209.0
SKBTI.1295.1246856	5.89441	137.0	55.0
SKBTI.1296.1247105	5.00847	119.375	45.0
SKBTI.1298.1246756	9.14894	231.8	94.0
SKBTI.1299.1247431	9.39784	296.25	112.0
SKBTI.1301.1247194	8.77728	240.526315789	106.0
SKBTI.1302.1246218	4.28429	106.125	48.0
SKBTI.1303.1246234	8.82725	260.176470588	114.0
SKBTI.1305.1246664	15.68728	410.791666667	161.0
SKBTI.1306.1247356	3.6834	88.0	20.0
SKBTI.1307.1247068	16.24113	515.533333333	205.0
SKBTI.1308.1246296	10.93695	262.2	146.0
SKBTI.1309.1246491	8.10532	204.5	82.0
SKBTI.1310.1247461	7.84916	192.5	82.0
SKBTI.1311.1247432	9.14835	296.6875	109.0
SKBTI.1312.1247312	9.26437	272.555555556	110.0
SKBTI.1313.1246920	7.59005	149.5	52.0
SKBTI.1314.1246910	10.28655	269.15	119.0
SKBTI.1315.1246136	11.095	359.045454545	143.0
SKBTI.1317.1247132	7.18983	205.333333333	80.0
SKBTI.1318.1247045	8.25767	470.0	110.0
SKBTI.1320.1246552	5.71111	149.5	48.0
SKBTI.1322.1247202	17.6173	735.902439024	284.0
SKBTI.1323.1246671	8.26505	258.0	93.0
SKBTI.1324.1246819	3.8804	93.1428571429	43.0
SKBTI.1325.1246591	7.68592	202.0	106.0
SKBTI.1326.1247062	10.79683	315.588235294	170.0
SKBTI.1327.1246128	9.00676	643.25	120.0
SKBTI.1328.1247203	12.83544	506.902439024	227.0
SKBTI.1331.1246586	13.9095	442.037037037	182.0
SKBTI.1332.1246892	3.49661	53.4285714286	29.0
SKBTI.1333.1246382	3.41071	41.125	28.0
SKBTI.1334.1247137	13.45251	503.4375	149.0
SKBTI.1335.1246899	13.88	507.615384615	142.0
SKBTI.1336.1246442	9.20859	196.25	100.0
SKBTI.1337.1246469	6.18169	183.142857143	66.0
SKBTI.1338.1247013	8.67259	252.4	126.0
SKBTI.1339.1247442	3.52542	93.0	15.0
SKBTI.1340.1247165	7.10934	251.0	56.0
SKBTI.1341.1246655	15.04852	628.681818182	199.0
SKBTI.1342.1246211	12.84212	402.956521739	161.0
SKBTI.1343.1246914	11.26762	214.24	112.0
SKBTI.1344.1246299	10.45093	283.166666667	112.0
SKBTI.1345.1246175	20.32357	703.642857143	294.0
SKBTI.1346.1247074	9.47089	195.25	121.0
SKBTI.1347.1246438	8.25799	260.714285714	125.0
SKBTI.1348.1247427	5.56174	234.0	80.0
SKBTI.1349.1246563	17.71738	650.75	230.0
SKBTI.1350.1246617	9.57367	389.153846154	121.0
SKBTI.1351.1246314	10.48041	288.5	129.0
SKBTI.1352.1246592	12.62364	432.25	154.0
SKBTI.1353.1247119	15.05374	579.166666667	191.0
SKBTI.1354.1247212	7.40787	168.0	93.0
SKBTI.1355.1246399	11.50964	357.625	143.0
SKBTI002.1247215	3.47515	31.5	15.0
SKBTI003.1246724	12.55418	351.04	157.0
SKBTI003.1247462	3.80726	48.3333333333	18.0
SKBTI004.1246380	3.94135	35.6	20.0
SKBTI006.1247355	0.57721	1.0	1.0
SKBTI008.1247338	1.16005	4.0	3.0
SKBTI009.1246949	4.49165	51.0	36.0
SKBTI011.1246249	4.90372	235.0	25.0
SKBTI012.1246804	20.35256	810.8	329.0
SKBTI013.1246574	2.77227	23.0	11.0
SKBTI014.1246923	4.47356	191.0	20.0
SKBTI015.1247138	1.77242	10.0	4.0
SKBTI016.1246701	0.89872	3.0	2.0
SKBTI018.1246212	3.24272	32.0	19.0
SKBTI019.1246984	2.45103	10.3333333333	7.0
SKBTI020.1246452	4.59773	59.2	25.0
SKBTI021.1246850	0.72236	1.0	1.0
SKBTI022.1247417	1.19209	3.0	2.0
SKBTI023.1246430	4.66332	97.0	27.0
SKBTI024.1246988	3.7327	50.3333333333	20.0
SKBTI025.1247326	4.19241	123.0	18.0
SKBTI026.1247398	6.52026	235.25	50.0
SKBTI027.1247232	1.84607	8.0	5.0
SKBTI028.1246818	12.37276	372.461538462	117.0
SKBTI029.1246737	6.97224	270.166666667	66.0
SKBTI030.1247289	5.55544	214.0	38.0
SKBTI031.1246276	2.21724	10.0	4.0
SKBTI032.1247022	4.35877	53.0	14.0
SKBTI033.1247139	5.51976	59.0	29.0
SKBTI034.1246776	5.11564	87.75	30.0
SKBTI035.1246985	3.19601	23.0	9.0
SKBTI036.1246510	7.97291	268.5	76.0
SKBTI037.1246306	8.02417	141.0	75.0
SKBTI038.1246928	8.18915	290.5	95.0
SKBTI039.1246775	3.15	33.5	17.0
SKBTI040.1246439	2.35239	27.0	13.0
SKBTI041.1246632	2.51792	19.5	9.0
SKBTI042.1247009	2.97665	18.5	8.0
SKBTI043.1246333	4.61383	60.0	20.0
SKBTI044.1246151	6.34056	116.5	39.0
SKBTI045.1246556	5.73958	153.5	27.0
SKBTI046.1246305	3.57844	40.0	18.0
SKBTI046.1246959	5.76593	143.6	77.0
SKBTI047.1246817	3.45702	129.0	24.0
SKBTI048.1247350	2.63108	37.6	22.0
SKBTI049.1247244	6.60516	208.0	52.0
SKBTI050.1246700	5.71556	77.0	31.0
SKBTI051.1246945	2.31639	21.0	6.0
SKBTI052.1247066	6.27298	238.25	53.0
SKBTI053.1246431	7.49748	212.666666667	71.0
SKBTI054.1246675	4.26737	48.75	26.0
SKBTI055.1247115	5.11456	250.5	33.0
SKBTI056.1246357	2.95521	19.5	9.0
SKBTI057.1246676	10.9488	275.8125	107.0
SKBTI058.1246566	2.77786	36.0	8.0
SKBTI059.1247180	4.29655	165.0	27.0
SKBTI060.1247467	4.43508	41.75	19.0
SKBTI061.1247050	6.13193	43.4285714286	24.0
SKBTI062.1246504	4.08869	105.0	14.0
SKBTI062.1246572	16.05029	516.896551724	205.0
SKBTI063.1247098	5.60906	78.5	31.0
SKBTI064.1246302	8.24353	222.125	69.0
SKBTI065.1247084	3.71437	49.0	19.0
SKBTI066.1247046	11.00715	431.0	172.0
SKBTI066.1247166	3.93443	39.5	12.0
SKBTI067.1246705	4.56669	43.75	21.0
SKBTI068.1246650	4.93873	69.0	27.0
SKBTI069.1246594	6.33355	209.0	53.0
SKBTI070.1246206	2.89884	47.3333333333	17.0
SKBTI071.1247028	4.07767	50.0	20.0
SKBTI072.1246897	2.73168	11.3333333333	8.0
SKBTI073.1246643	2.8319	30.0	9.0
SKBTI074.1246706	4.80021	94.25	31.0
SKBTI075.1246200	16.48749	614.146341463	272.0
SKBTI075.1247167	3.32509	46.0	10.0
SKBTI076.1246468	18.86415	770.056603774	356.0
SKBTI076.1247100	4.17079	56.0	22.0
SKBTI077.1246715	5.54763	105.428571429	39.0
SKBTI078.1246624	4.04035	278.0	25.0
SKBTI079.1247266	5.65957	134.0	49.0
SKBTI080.1246769	2.34558	21.0	6.0
SKBTI081.1246795	5.77427	105.0	30.0
SKBTI082.1246257	4.29052	55.0	16.0
SKBTI082.1247043	16.46044	536.086956522	340.0
SKBTI083.1246839	3.73493	28.0	13.0
SKBTI085.1247253	3.29331	37.0	9.0
SKBTI086.1247044	4.6478	72.4285714286	33.0
SKBTI087.1246525	4.40805	62.25	24.0
SKBTI088.1247300	4.27304	32.3333333333	14.0
SKBTI089.1247099	4.98048	146.75	38.0
SKBTI089.1247376	20.98563	1028.65454545	407.0
SKBTI090.1246347	1.31888	3.0	2.0
SKBTI091.1247314	4.00686	41.0	20.0
SKBTI091.1247453	18.84851	555.857142857	293.0
SKBTI092.1246887	24.15444	1306.09090909	552.0
SKBTI092.1247177	6.63708	190.545454545	70.0
SKBTI093.1246214	9.97459	225.153846154	89.0
SKBTI094.1247316	0.59911	1.0	1.0
SKBTI095.1246731	3.31462	42.0	16.0
SKBTI096.1247388	5.57294	71.5	37.0
