# Constructed from biom file
#OTU ID	B.2004.01.S1.405609	B.2004.02.S1.405533	B.2004.03.S1.405563	B.2004.04.S1.405549	B.2004.05.S1.405536	B.2004.06.S1.405567	B.2004.07.S1.405529	B.2004.08.S1.405610	B.2005.01.S1.405588	B.2005.02.S1.405604	B.2005.03.S1.405591	B.2005.04.S1.405545	B.2005.05.S1.405611	B.2005.06.S1.405537	B.2005.07.S1.405586	B.2005.08.S1.405559	B.2005.09.S1.405592	B.2005.10.S1.405573	B.2006.01.S1.405568	B.2006.02.S1.405606	B.2006.03.S1.405589	B.2006.04.S1.405572	B.2006.05.S1.405597	B.2006.06.S1.405542	B.2006.07.S1.405582	B.2006.08.S1.405615	B.2006.09.S1.405526	B.2008.01.S1.405595	B.2008.02.S1.405555	B.2008.03.S1.405528	B.2008.04.S1.405565	B.2008.05.S1.405541	B.2008.06.S1.405543	B.2008.07.S1.405599	B.2008.08.S1.405550	B.2008.09.S1.405553	B.2008.10.S1.405544	B.2009.01.S1.405540	B.2009.02.S1.405570	B.2009.03.S1.405564	B.2009.04.S1.405531	B.2009.05.S1.405596	B.2009.06.S1.405554	B.2009.07.S1.405524	B.2009.08.S1.405578	B.2009.09.S1.405547	B.2009.10.S1.405585	B.2011.01.S1.405525	B.2011.02.S1.405575	B.2011.03.S1.405538	B.2011.04.S1.405598	B.2011.05.S1.405539	B.2011.06.S1.405532	B.2011.07.S1.405534	B.2011.08.S1.405530	B.2011.09.S1.405577	B.2011.10.S1.405602	B.2012.01.S1.405593	B.2012.02.S1.405552	B.2012.03.S1.405546	B.2012.04.S1.405562	B.2012.05.S1.405616	B.2012.06.S1.405601	B.2012.07.S1.405580	B.2012.08.S1.405556	B.2012.09.S1.405527	B.2012.10.S1.405569	B.2016.01.S1.405584	B.2016.02.S1.405600	B.2016.03.S1.405618	B.2016.04.S1.405579	B.2016.05.S1.405583	B.2016.06.S1.405581	B.2016.07.S1.405551	B.2016.08.S1.405590	B.2019.01.S1.405535	B.2019.02.S1.405607	B.2019.03.S1.405560	B.2019.04.S1.405614	B.2019.05.S1.405612	B.2019.06.S1.405608	B.2019.07.S1.405558	B.2019.08.S1.405613	B.2019.09.S1.405605	B.2019.10.S1.405561	B.2020.01.S1.405576	B.2020.02.S1.405548	B.2020.03.S1.405571	B.2020.04.S1.405587	B.2020.05.S1.405574	B.2020.06.S1.405557	B.2020.07.S1.405566	B.2020.08.S1.405603	B.2020.09.S1.405594	B.2020.10.S1.405617
k__Bacteria;p__Actinobacteria;c__Actinobacteria;o__Actinomycetales	0.0	0.0	0.0	0.001	0.001	0.0	0.0	0.0	0.0	0.0	0.0	0.0	0.0	0.0	0.0	0.0	0.0	0.0	0.0	0.0	0.0	0.0	0.0	0.0	0.0	0.0	0.0	0.0	0.0	0.0	0.0	0.0	0.0	0.0	0.0	0.0	0.0	0.0	0.0	0.0	0.0	0.0	0.0	0.0	0.0	0.0	0.0	0.0	0.0	0.0	0.0	0.0	0.0	0.0	0.0	0.0	0.0	0.0	0.0	0.0	0.0	0.0	0.0	0.0	0.0	0.0	0.0	0.0	0.0	0.0	0.0	0.0	0.0	0.0	0.0	0.0	0.0	0.0	0.0	0.0	0.0	0.0	0.0	0.0	0.0	0.0	0.0	0.0	0.0	0.0	0.0	0.0	0.0	0.0	0.0
k__Bacteria;p__Actinobacteria;c__Coriobacteriia;o__Coriobacteriales	0.0	0.0	0.0	0.001	0.0	0.0	0.0	0.0	0.0	0.0	0.001	0.001	0.002	0.001	0.012	0.004	0.005	0.0	0.0	0.0	0.0	0.0	0.0	0.0	0.0	0.0	0.0	0.0	0.001	0.001	0.0	0.0	0.001	0.0	0.0	0.0	0.0	0.0	0.001	0.0	0.001	0.001	0.004	0.001	0.003	0.003	0.0	0.0	0.0	0.0	0.0	0.0	0.0	0.0	0.0	0.0	0.0	0.0	0.0	0.0	0.0	0.001	0.0	0.0	0.0	0.0	0.0	0.002	0.0	0.0	0.0	0.0	0.0	0.0	0.0	0.001	0.0	0.0	0.0	0.0	0.0	0.0	0.002	0.002	0.0	0.0	0.0	0.0	0.0	0.0	0.0	0.0	0.0	0.0	0.001
k__Bacteria;p__Bacteroidetes;c__Bacteroidia;o__Bacteroidales	0.403	0.522	0.553	0.497	0.57	0.496	0.644	0.562	0.816	0.758	0.746	0.672	0.742	0.552	0.707	0.622	0.644	0.719	0.77	0.487	0.523	0.415	0.445	0.382	0.321	0.34	0.385	0.726	0.51	0.464	0.471	0.576	0.528	0.535	0.663	0.428	0.34	0.89	0.972	0.901	0.903	0.892	0.807	0.787	0.778	0.708	0.842	0.6	0.44	0.467	0.428	0.616	0.326	0.379	0.375	0.449	0.377	0.703	0.586	0.636	0.599	0.529	0.572	0.589	0.355	0.369	0.452	0.746	0.726	0.698	0.669	0.61	0.61	0.659	0.655	0.627	0.721	0.752	0.673	0.636	0.569	0.493	0.478	0.577	0.564	0.551	0.814	0.662	0.678	0.532	0.6	0.783	0.776	0.705	0.626
k__Bacteria;p__Cyanobacteria;c__4C0d-2;o__YS2	0.0	0.0	0.0	0.0	0.0	0.0	0.0	0.0	0.0	0.0	0.0	0.0	0.0	0.0	0.0	0.0	0.0	0.0	0.0	0.0	0.003	0.017	0.014	0.013	0.049	0.02	0.003	0.0	0.0	0.0	0.0	0.0	0.0	0.0	0.0	0.0	0.0	0.0	0.0	0.0	0.0	0.0	0.0	0.0	0.0	0.0	0.0	0.012	0.0	0.004	0.001	0.0	0.0	0.003	0.002	0.004	0.013	0.0	0.0	0.0	0.0	0.0	0.0	0.0	0.0	0.0	0.0	0.017	0.001	0.002	0.001	0.002	0.003	0.002	0.001	0.0	0.0	0.0	0.0	0.0	0.0	0.0	0.0	0.0	0.0	0.0	0.0	0.0	0.0	0.0	0.0	0.0	0.0	0.0	0.0
k__Bacteria;p__Cyanobacteria;c__Chloroplast;o__Streptophyta	0.0	0.0	0.0	0.0	0.0	0.0	0.0	0.0	0.0	0.0	0.0	0.0	0.0	0.0	0.0	0.0	0.0	0.0	0.0	0.0	0.0	0.0	0.0	0.0	0.0	0.0	0.0	0.0	0.0	0.0	0.0	0.0	0.0	0.0	0.0	0.0	0.0	0.0	0.0	0.0	0.0	0.0	0.0	0.0	0.0	0.0	0.0	0.0	0.0	0.0	0.0	0.0	0.0	0.0	0.0	0.0	0.0	0.0	0.0	0.0	0.0	0.0	0.0	0.0	0.0	0.0	0.0	0.0	0.0	0.0	0.0	0.0	0.0	0.0	0.0	0.0	0.0	0.0	0.0	0.0	0.0	0.0	0.0	0.0	0.0	0.0	0.0	0.0	0.0	0.001	0.0	0.0	0.0	0.0	0.0
k__Bacteria;p__Firmicutes;c__Bacilli;o__Bacillales	0.001	0.0	0.0	0.0	0.0	0.0	0.0	0.0	0.0	0.0	0.0	0.0	0.0	0.0	0.0	0.0	0.0	0.0	0.0	0.0	0.0	0.0	0.0	0.0	0.0	0.0	0.0	0.0	0.0	0.0	0.0	0.0	0.0	0.0	0.0	0.0	0.0	0.0	0.0	0.0	0.0	0.0	0.0	0.0	0.0	0.0	0.0	0.0	0.0	0.0	0.0	0.0	0.0	0.0	0.0	0.0	0.0	0.0	0.0	0.0	0.0	0.0	0.0	0.0	0.0	0.0	0.0	0.0	0.0	0.0	0.0	0.0	0.0	0.0	0.0	0.0	0.0	0.0	0.0	0.0	0.0	0.0	0.0	0.0	0.0	0.0	0.0	0.0	0.0	0.0	0.0	0.0	0.0	0.0	0.001
k__Bacteria;p__Firmicutes;c__Bacilli;o__Gemellales	0.001	0.0	0.001	0.0	0.0	0.0	0.0	0.0	0.0	0.0	0.0	0.0	0.0	0.0	0.0	0.0	0.0	0.0	0.0	0.0	0.0	0.0	0.0	0.0	0.0	0.0	0.0	0.0	0.0	0.0	0.0	0.0	0.0	0.0	0.0	0.0	0.0	0.0	0.0	0.0	0.0	0.0	0.0	0.0	0.0	0.0	0.0	0.0	0.0	0.0	0.0	0.0	0.0	0.0	0.0	0.0	0.0	0.0	0.0	0.0	0.0	0.0	0.0	0.0	0.0	0.0	0.0	0.0	0.0	0.0	0.0	0.0	0.0	0.0	0.0	0.0	0.0	0.0	0.0	0.0	0.0	0.0	0.0	0.0	0.0	0.0	0.0	0.0	0.0	0.0	0.0	0.0	0.0	0.0	0.0
k__Bacteria;p__Firmicutes;c__Bacilli;o__Lactobacillales	0.001	0.005	0.003	0.003	0.003	0.001	0.0	0.003	0.0	0.0	0.0	0.0	0.0	0.0	0.0	0.0	0.0	0.0	0.0	0.0	0.0	0.0	0.0	0.0	0.0	0.0	0.0	0.0	0.0	0.0	0.0	0.0	0.0	0.0	0.0	0.0	0.0	0.005	0.0	0.001	0.0	0.0	0.0	0.0	0.0	0.0	0.0	0.0	0.0	0.0	0.001	0.0	0.0	0.001	0.0	0.0	0.0	0.0	0.0	0.0	0.0	0.0	0.0	0.0	0.001	0.0	0.0	0.001	0.0	0.0	0.0	0.0	0.0	0.0	0.0	0.0	0.0	0.0	0.0	0.0	0.0	0.0	0.0	0.0	0.001	0.001	0.0	0.001	0.0	0.0	0.004	0.001	0.0	0.0	0.0
k__Bacteria;p__Firmicutes;c__Bacilli;o__Turicibacterales	0.0	0.002	0.001	0.0	0.001	0.0	0.001	0.003	0.0	0.0	0.0	0.0	0.0	0.0	0.0	0.0	0.0	0.0	0.0	0.0	0.0	0.0	0.0	0.0	0.0	0.0	0.0	0.0	0.0	0.0	0.0	0.0	0.0	0.0	0.0	0.0	0.0	0.0	0.0	0.0	0.0	0.0	0.0	0.0	0.0	0.0	0.0	0.0	0.0	0.0	0.0	0.0	0.0	0.0	0.0	0.0	0.0	0.001	0.0	0.0	0.0	0.0	0.0	0.0	0.0	0.0	0.0	0.0	0.0	0.0	0.0	0.0	0.0	0.0	0.0	0.0	0.0	0.0	0.0	0.0	0.0	0.0	0.0	0.0	0.0	0.0	0.0	0.0	0.0	0.0	0.0	0.0	0.0	0.0	0.001
k__Bacteria;p__Firmicutes;c__Clostridia;o__	0.0	0.0	0.0	0.0	0.0	0.0	0.001	0.0	0.0	0.0	0.0	0.0	0.0	0.0	0.0	0.0	0.0	0.0	0.0	0.0	0.0	0.0	0.0	0.0	0.0	0.0	0.0	0.0	0.0	0.0	0.0	0.0	0.0	0.0	0.0	0.0	0.0	0.0	0.0	0.0	0.0	0.0	0.0	0.0	0.0	0.0	0.0	0.0	0.0	0.0	0.0	0.0	0.0	0.0	0.0	0.0	0.0	0.0	0.0	0.0	0.0	0.0	0.0	0.0	0.0	0.0	0.0	0.0	0.0	0.0	0.0	0.0	0.0	0.0	0.0	0.0	0.0	0.0	0.0	0.0	0.0	0.0	0.0	0.0	0.0	0.0	0.0	0.0	0.0	0.0	0.0	0.0	0.0	0.0	0.0
k__Bacteria;p__Firmicutes;c__Clostridia;o__Clostridiales	0.559	0.435	0.392	0.458	0.384	0.45	0.304	0.379	0.143	0.218	0.218	0.272	0.199	0.379	0.238	0.31	0.303	0.264	0.185	0.462	0.426	0.443	0.413	0.479	0.505	0.452	0.496	0.126	0.152	0.27	0.304	0.286	0.279	0.309	0.241	0.279	0.29	0.098	0.021	0.084	0.074	0.088	0.161	0.169	0.199	0.259	0.149	0.314	0.437	0.371	0.314	0.303	0.486	0.438	0.467	0.36	0.464	0.201	0.217	0.232	0.258	0.317	0.32	0.306	0.461	0.392	0.259	0.109	0.231	0.26	0.216	0.189	0.155	0.202	0.23	0.349	0.222	0.23	0.292	0.346	0.404	0.47	0.496	0.394	0.398	0.337	0.124	0.263	0.215	0.336	0.353	0.17	0.187	0.242	0.294
k__Bacteria;p__Firmicutes;c__Clostridia;o__Halanaerobiales	0.0	0.0	0.0	0.0	0.0	0.0	0.0	0.0	0.0	0.0	0.0	0.0	0.0	0.0	0.0	0.0	0.0	0.0	0.0	0.0	0.0	0.0	0.0	0.0	0.0	0.0	0.0	0.0	0.0	0.0	0.0	0.0	0.0	0.0	0.0	0.0	0.0	0.0	0.0	0.0	0.0	0.0	0.0	0.0	0.0	0.0	0.0	0.0	0.001	0.0	0.0	0.0	0.0	0.0	0.0	0.0	0.0	0.0	0.0	0.0	0.0	0.0	0.0	0.0	0.0	0.0	0.0	0.0	0.0	0.0	0.0	0.0	0.0	0.0	0.0	0.0	0.0	0.0	0.0	0.0	0.0	0.0	0.0	0.0	0.0	0.0	0.0	0.0	0.0	0.0	0.0	0.0	0.0	0.0	0.0
k__Bacteria;p__Firmicutes;c__Erysipelotrichi;o__Erysipelotrichales	0.01	0.009	0.008	0.008	0.008	0.005	0.0	0.004	0.014	0.016	0.015	0.037	0.024	0.024	0.03	0.018	0.039	0.012	0.007	0.047	0.038	0.036	0.032	0.029	0.032	0.081	0.067	0.0	0.002	0.016	0.006	0.017	0.013	0.017	0.005	0.01	0.003	0.002	0.001	0.0	0.002	0.006	0.005	0.007	0.006	0.01	0.005	0.007	0.003	0.015	0.012	0.008	0.018	0.036	0.012	0.012	0.008	0.038	0.025	0.014	0.027	0.01	0.03	0.014	0.018	0.017	0.002	0.001	0.003	0.006	0.003	0.005	0.003	0.0	0.007	0.016	0.014	0.012	0.02	0.01	0.015	0.024	0.017	0.009	0.02	0.076	0.02	0.05	0.045	0.049	0.006	0.012	0.01	0.017	0.015
k__Bacteria;p__Fusobacteria;c__Fusobacteriia;o__Fusobacteriales	0.0	0.0	0.0	0.002	0.0	0.0	0.0	0.0	0.0	0.0	0.0	0.0	0.0	0.0	0.0	0.0	0.0	0.0	0.0	0.0	0.0	0.0	0.0	0.0	0.0	0.0	0.0	0.0	0.0	0.0	0.0	0.0	0.0	0.0	0.0	0.0	0.0	0.0	0.0	0.0	0.0	0.0	0.0	0.0	0.0	0.0	0.0	0.0	0.0	0.0	0.0	0.0	0.0	0.0	0.0	0.0	0.0	0.0	0.0	0.0	0.0	0.0	0.0	0.001	0.0	0.0	0.0	0.0	0.0	0.0	0.0	0.0	0.0	0.0	0.0	0.0	0.002	0.0	0.0	0.0	0.0	0.0	0.0	0.0	0.0	0.001	0.0	0.0	0.0	0.0	0.0	0.0	0.0	0.0	0.0
k__Bacteria;p__Lentisphaerae;c__[Lentisphaeria];o__Victivallales	0.0	0.0	0.0	0.0	0.002	0.0	0.0	0.0	0.0	0.0	0.0	0.0	0.0	0.0	0.0	0.0	0.0	0.0	0.0	0.0	0.0	0.0	0.0	0.0	0.0	0.0	0.0	0.0	0.0	0.0	0.0	0.0	0.0	0.0	0.0	0.0	0.0	0.0	0.0	0.0	0.0	0.0	0.0	0.0	0.0	0.0	0.0	0.0	0.0	0.0	0.0	0.0	0.0	0.0	0.0	0.0	0.0	0.0	0.0	0.0	0.0	0.0	0.0	0.0	0.0	0.0	0.0	0.0	0.0	0.0	0.0	0.0	0.0	0.0	0.0	0.0	0.0	0.0	0.0	0.0	0.0	0.0	0.0	0.0	0.0	0.0	0.0	0.0	0.0	0.0	0.0	0.0	0.0	0.0	0.0
k__Bacteria;p__Proteobacteria;c__Alphaproteobacteria;o__RF32	0.0	0.0	0.0	0.0	0.0	0.0	0.0	0.0	0.0	0.0	0.0	0.0	0.0	0.0	0.0	0.0	0.0	0.0	0.001	0.0	0.0	0.007	0.007	0.004	0.002	0.002	0.0	0.095	0.278	0.212	0.181	0.104	0.134	0.103	0.082	0.246	0.348	0.0	0.0	0.0	0.0	0.0	0.0	0.0	0.0	0.0	0.0	0.0	0.0	0.0	0.0	0.0	0.0	0.0	0.0	0.0	0.0	0.03	0.137	0.086	0.079	0.126	0.057	0.065	0.162	0.203	0.274	0.038	0.002	0.026	0.082	0.168	0.195	0.105	0.07	0.0	0.0	0.0	0.0	0.0	0.0	0.0	0.0	0.0	0.0	0.0	0.0	0.0	0.0	0.0	0.0	0.0	0.0	0.0	0.0
k__Bacteria;p__Proteobacteria;c__Betaproteobacteria;o__Burkholderiales	0.024	0.027	0.042	0.03	0.031	0.047	0.049	0.049	0.026	0.006	0.019	0.017	0.032	0.044	0.013	0.046	0.008	0.005	0.014	0.003	0.005	0.015	0.009	0.007	0.011	0.005	0.003	0.053	0.057	0.037	0.038	0.017	0.045	0.036	0.009	0.037	0.019	0.005	0.005	0.014	0.019	0.013	0.023	0.035	0.013	0.019	0.004	0.067	0.119	0.143	0.244	0.073	0.17	0.143	0.144	0.175	0.138	0.027	0.035	0.032	0.037	0.017	0.021	0.025	0.003	0.017	0.013	0.086	0.037	0.008	0.028	0.026	0.034	0.031	0.037	0.007	0.041	0.006	0.015	0.008	0.012	0.013	0.007	0.018	0.017	0.034	0.042	0.024	0.062	0.082	0.037	0.034	0.027	0.036	0.062
k__Bacteria;p__Proteobacteria;c__Betaproteobacteria;o__Neisseriales	0.0	0.0	0.0	0.0	0.0	0.0	0.0	0.0	0.0	0.0	0.0	0.0	0.0	0.0	0.0	0.0	0.0	0.0	0.0	0.0	0.0	0.0	0.0	0.0	0.0	0.0	0.0	0.0	0.0	0.0	0.0	0.0	0.0	0.0	0.0	0.0	0.0	0.0	0.0	0.0	0.0	0.0	0.0	0.0	0.0	0.0	0.0	0.0	0.0	0.0	0.0	0.0	0.0	0.0	0.0	0.0	0.0	0.0	0.0	0.0	0.0	0.0	0.0	0.0	0.0	0.002	0.0	0.0	0.0	0.0	0.0	0.0	0.0	0.0	0.0	0.0	0.0	0.0	0.0	0.0	0.0	0.0	0.0	0.0	0.0	0.0	0.0	0.0	0.0	0.0	0.0	0.0	0.0	0.0	0.0
k__Bacteria;p__Proteobacteria;c__Deltaproteobacteria;o__Desulfovibrionales	0.0	0.0	0.0	0.0	0.0	0.0	0.0	0.0	0.0	0.002	0.0	0.0	0.001	0.0	0.0	0.0	0.001	0.0	0.0	0.0	0.0	0.0	0.0	0.0	0.0	0.0	0.0	0.0	0.0	0.0	0.0	0.0	0.0	0.0	0.0	0.0	0.0	0.0	0.0	0.0	0.001	0.0	0.0	0.0	0.0	0.0	0.0	0.0	0.0	0.0	0.0	0.0	0.0	0.0	0.0	0.0	0.0	0.0	0.0	0.0	0.0	0.0	0.0	0.0	0.0	0.0	0.0	0.0	0.0	0.0	0.0	0.0	0.0	0.0	0.0	0.0	0.0	0.0	0.0	0.0	0.0	0.0	0.0	0.0	0.0	0.0	0.0	0.0	0.0	0.0	0.0	0.0	0.0	0.0	0.0
k__Bacteria;p__Proteobacteria;c__Gammaproteobacteria;o__Pasteurellales	0.0	0.0	0.0	0.0	0.0	0.0	0.0	0.0	0.0	0.0	0.001	0.001	0.0	0.0	0.0	0.0	0.0	0.0	0.0	0.0	0.0	0.0	0.0	0.0	0.0	0.0	0.0	0.0	0.0	0.0	0.0	0.0	0.0	0.0	0.0	0.0	0.0	0.0	0.0	0.0	0.0	0.0	0.0	0.0	0.0	0.0	0.0	0.0	0.0	0.0	0.0	0.0	0.0	0.0	0.0	0.0	0.0	0.0	0.0	0.0	0.0	0.0	0.0	0.0	0.0	0.0	0.0	0.0	0.0	0.0	0.0	0.0	0.0	0.0	0.0	0.0	0.0	0.0	0.0	0.0	0.0	0.0	0.0	0.0	0.0	0.0	0.0	0.0	0.0	0.0	0.0	0.0	0.0	0.0	0.0
k__Bacteria;p__Proteobacteria;c__Gammaproteobacteria;o__Pseudomonadales	0.0	0.0	0.0	0.0	0.0	0.0	0.0	0.0	0.0	0.0	0.0	0.0	0.0	0.0	0.0	0.0	0.0	0.0	0.0	0.0	0.0	0.0	0.0	0.0	0.0	0.0	0.0	0.0	0.0	0.0	0.0	0.0	0.0	0.0	0.0	0.0	0.0	0.0	0.0	0.0	0.0	0.0	0.0	0.0	0.0	0.001	0.0	0.0	0.0	0.0	0.0	0.0	0.0	0.0	0.0	0.0	0.0	0.0	0.0	0.0	0.0	0.0	0.0	0.0	0.0	0.0	0.0	0.0	0.0	0.0	0.0	0.0	0.0	0.0	0.0	0.0	0.0	0.0	0.0	0.0	0.0	0.0	0.0	0.0	0.0	0.0	0.0	0.0	0.0	0.0	0.0	0.0	0.0	0.0	0.0
k__Bacteria;p__Synergistetes;c__Synergistia;o__Synergistales	0.0	0.0	0.0	0.0	0.0	0.0	0.0	0.0	0.0	0.0	0.0	0.0	0.0	0.0	0.0	0.0	0.0	0.0	0.0	0.0	0.0	0.0	0.0	0.0	0.0	0.0	0.0	0.0	0.0	0.0	0.0	0.0	0.0	0.0	0.0	0.0	0.0	0.0	0.0	0.0	0.0	0.0	0.0	0.0	0.0	0.0	0.0	0.0	0.0	0.0	0.0	0.0	0.0	0.0	0.0	0.0	0.0	0.0	0.0	0.0	0.0	0.0	0.0	0.0	0.0	0.0	0.0	0.0	0.0	0.0	0.001	0.0	0.0	0.0	0.0	0.0	0.0	0.0	0.0	0.0	0.0	0.0	0.0	0.0	0.0	0.0	0.0	0.0	0.0	0.0	0.0	0.0	0.0	0.0	0.0
k__Bacteria;p__TM7;c__TM7-3;o__	0.001	0.0	0.0	0.0	0.0	0.001	0.001	0.0	0.001	0.0	0.0	0.0	0.0	0.0	0.0	0.0	0.0	0.0	0.0	0.0	0.0	0.0	0.0	0.0	0.0	0.0	0.0	0.0	0.0	0.0	0.0	0.0	0.0	0.0	0.0	0.0	0.0	0.0	0.0	0.0	0.0	0.0	0.0	0.0	0.001	0.0	0.0	0.0	0.0	0.0	0.0	0.0	0.0	0.0	0.0	0.0	0.0	0.0	0.0	0.0	0.0	0.0	0.0	0.0	0.0	0.0	0.0	0.0	0.0	0.0	0.0	0.0	0.0	0.001	0.0	0.0	0.0	0.0	0.0	0.0	0.0	0.0	0.0	0.0	0.0	0.0	0.0	0.0	0.0	0.0	0.0	0.0	0.0	0.0	0.0
k__Bacteria;p__Tenericutes;c__Mollicutes;o__RF39	0.0	0.0	0.0	0.0	0.0	0.0	0.0	0.0	0.0	0.0	0.0	0.0	0.0	0.0	0.0	0.0	0.0	0.0	0.0	0.0	0.0	0.0	0.0	0.0	0.0	0.0	0.001	0.0	0.0	0.0	0.0	0.0	0.0	0.0	0.0	0.0	0.0	0.0	0.0	0.0	0.0	0.0	0.0	0.0	0.0	0.0	0.0	0.0	0.0	0.0	0.0	0.0	0.0	0.0	0.0	0.0	0.0	0.0	0.0	0.0	0.0	0.0	0.0	0.0	0.0	0.0	0.0	0.0	0.0	0.0	0.0	0.0	0.0	0.0	0.0	0.0	0.0	0.0	0.0	0.0	0.0	0.0	0.0	0.0	0.0	0.0	0.0	0.0	0.0	0.0	0.0	0.0	0.0	0.0	0.0
k__Bacteria;p__Tenericutes;c__RF3;o__ML615J-28	0.0	0.0	0.0	0.0	0.0	0.0	0.0	0.0	0.0	0.0	0.0	0.0	0.0	0.0	0.0	0.0	0.0	0.0	0.023	0.001	0.005	0.067	0.08	0.086	0.08	0.1	0.045	0.0	0.0	0.0	0.0	0.0	0.0	0.0	0.0	0.0	0.0	0.0	0.0	0.0	0.0	0.0	0.0	0.0	0.0	0.0	0.0	0.0	0.0	0.0	0.0	0.0	0.0	0.0	0.0	0.0	0.0	0.0	0.0	0.0	0.0	0.0	0.0	0.0	0.0	0.0	0.0	0.0	0.0	0.0	0.0	0.0	0.0	0.0	0.0	0.0	0.0	0.0	0.0	0.0	0.0	0.0	0.0	0.0	0.0	0.0	0.0	0.0	0.0	0.0	0.0	0.0	0.0	0.0	0.0
k__Bacteria;p__Verrucomicrobia;c__Verrucomicrobiae;o__Verrucomicrobiales	0.0	0.0	0.0	0.0	0.0	0.0	0.0	0.0	0.0	0.0	0.0	0.0	0.0	0.0	0.0	0.0	0.0	0.0	0.0	0.0	0.0	0.0	0.0	0.0	0.0	0.0	0.0	0.0	0.0	0.0	0.0	0.0	0.0	0.0	0.0	0.0	0.0	0.0	0.0	0.0	0.0	0.0	0.0	0.001	0.0	0.0	0.0	0.0	0.0	0.0	0.0	0.0	0.0	0.0	0.0	0.0	0.0	0.0	0.0	0.0	0.0	0.0	0.0	0.0	0.0	0.0	0.0	0.0	0.0	0.0	0.0	0.0	0.0	0.0	0.0	0.0	0.0	0.0	0.0	0.0	0.0	0.0	0.0	0.0	0.0	0.0	0.0	0.0	0.0	0.0	0.0	0.0	0.0	0.0	0.0