Feature_id	Mean_decrease_in_accuracy	Standard_deviation
1820513	0.00227325008278094	NA
193008	0.00210169207111254	NA
514272	0.000553038742491075	NA
189630	0.000461264661264661	NA
176014	0.000392755583135257	NA
179644	0.000356897724315757	NA
363519	0.000353110796689616	NA
185190	0.000340816673652495	NA
122656	0.000338254419655662	NA
167741	0.000303787169995525	NA
187998	0.000274786201396909	NA
197204	0.000272474227049178	NA
2877094	0.000268130428271938	NA
174611	0.000266147490942573	NA
361722	0.000262060877044836	NA
187835	0.000259138256490206	NA
4217963	0.000247290100250627	NA
232975	0.000207721704346584	NA
361811	0.000202419108669109	NA
319996	0.000196825396825397	NA
186775	0.00019171176046176	NA
184114	0.000189546654062783	NA
359993	0.000174326842747895	NA
3856408	0.000167002959375841	NA
661266	0.000166997683643882	NA
4418496	0.000164254385964912	NA
194868	0.000160555131143366	NA
187199	0.000158260019550342	NA
179534	0.000155126009297773	NA
291982	0.000141022638563622	NA
198119	0.000138301043219076	NA
279534	0.000136762127410871	NA
70512	0.000135632183908046	NA
340761	0.000133333333333333	NA
189828	0.000127064180531261	NA
184810	0.000125264455984342	NA
185486	0.000125030525030525	NA
4212012	0.000120361990950226	NA
294885	0.000113480885311871	NA
178541	0.00010978835978836	NA
3638321	0.000105461100695526	NA
1698008	0.000103174603174603	NA
4413347	0.000103030303030303	NA
4435655	0.000101358234295416	NA
187665	0.000101243913572733	NA
1766666	0.000100711548987411	NA
366352	9.87468671679198e-05	NA
180606	9.67741935483871e-05	NA
197897	9.62789487379651e-05	NA
2617854	9.60212201591512e-05	NA
182261	9.42752106931211e-05	NA
186139	9.42460317460317e-05	NA
193666	9.32844932844933e-05	NA
199534	9.23076923076923e-05	NA
359044	9.08050730631376e-05	NA
365496	8.95927601809955e-05	NA
3023610	8.95915678524374e-05	NA
175438	8.78705066218205e-05	NA
353149	7.65831179520517e-05	NA
189007	7.56917205236183e-05	NA
343709	7.40740740740741e-05	NA
2224336	7.23598435462842e-05	NA
194326	7.15197956577267e-05	NA
179358	7.14285714285714e-05	NA
351292	6.89655172413793e-05	NA
348009	6.89655172413793e-05	NA
179665	6.89655172413793e-05	NA
4300690	6.85011709601873e-05	NA
560535	6.77966101694915e-05	NA
360946	6.77966101694915e-05	NA
360268	6.77966101694915e-05	NA
176469	6.77966101694915e-05	NA
312770	6.73457838143746e-05	NA
4454586	6.68337510442774e-05	NA
177032	6.67408231368187e-05	NA
315429	6.62287903667214e-05	NA
184084	6.6120218579235e-05	NA
313672	6.55737704918033e-05	NA
187248	6.55737704918033e-05	NA
178342	6.55737704918033e-05	NA
4015729	6.55737704918033e-05	NA
179692	6.45161290322581e-05	NA
176833	6.45161290322581e-05	NA
2647328	6.45161290322581e-05	NA
4435664	6.45161290322581e-05	NA
183480	6.41025641025641e-05	NA
2201995	6.34920634920635e-05	NA
3929758	6.34920634920635e-05	NA
3991008	6.34920634920635e-05	NA
308333	6.25e-05	NA
249776	6.15530303030303e-05	NA
318348	6.15384615384615e-05	NA
186992	6.15384615384615e-05	NA
3141094	6.15384615384615e-05	NA
4376964	6.15384615384615e-05	NA
863612	6.11577964519141e-05	NA
193534	6.11577964519141e-05	NA
183604	5.97014925373134e-05	NA
4250634	4e-05	NA
338987	3.96275960849845e-05	NA
213762	3.84615384615385e-05	NA
177561	3.84615384615385e-05	NA
177600	3.77155172413793e-05	NA
191025	3.63636363636364e-05	NA
361927	3.57142857142857e-05	NA
187324	3.57142857142857e-05	NA
107044	3.57142857142857e-05	NA
585914	3.56341673856773e-05	NA
551822	3.55835757178898e-05	NA
180903	3.54166666666667e-05	NA
988542	3.50877192982456e-05	NA
319681	3.50877192982456e-05	NA
296298	3.50877192982456e-05	NA
186866	3.50877192982456e-05	NA
4073431	3.50877192982456e-05	NA
4360128	3.50877192982456e-05	NA
336043	3.44827586206897e-05	NA
192339	3.44827586206897e-05	NA
185140	3.44827586206897e-05	NA
184525	3.44827586206897e-05	NA
181171	3.44827586206897e-05	NA
149131	3.44827586206897e-05	NA
1952	3.44827586206897e-05	NA
4385326	3.44827586206897e-05	NA
4393568	3.44827586206897e-05	NA
199034	3.42298866889031e-05	NA
176660	3.42130987292278e-05	NA
851323	3.38983050847458e-05	NA
389371	3.38983050847458e-05	NA
325213	3.38983050847458e-05	NA
296717	3.38983050847458e-05	NA
195066	3.38983050847458e-05	NA
192735	3.38983050847458e-05	NA
146672	3.38983050847458e-05	NA
4299126	3.38983050847458e-05	NA
4390593	3.38983050847458e-05	NA
4420408	3.38983050847458e-05	NA
235262	3.38277387457715e-05	NA
186891	3.35808158388804e-05	NA
354850	3.33333333333333e-05	NA
268124	3.33333333333333e-05	NA
4323393	3.33333333333333e-05	NA
4453609	3.33333333333333e-05	NA
4039230	3.31890331890332e-05	NA
564140	3.27868852459016e-05	NA
370099	3.27868852459016e-05	NA
358265	3.27868852459016e-05	NA
353124	3.27868852459016e-05	NA
314996	3.27868852459016e-05	NA
287790	3.27868852459016e-05	NA
205241	3.27868852459016e-05	NA
193786	3.27868852459016e-05	NA
192945	3.27868852459016e-05	NA
189677	3.27868852459016e-05	NA
188985	3.27868852459016e-05	NA
2307695	3.27868852459016e-05	NA
4354042	3.27868852459016e-05	NA
4374780	3.27868852459016e-05	NA
4464173	3.27868852459016e-05	NA
1139021	3.27088908712459e-05	NA
197649	3.2258064516129e-05	NA
195757	3.2258064516129e-05	NA
191332	3.2258064516129e-05	NA
188832	3.2258064516129e-05	NA
187882	3.2258064516129e-05	NA
182674	3.2258064516129e-05	NA
181111	3.2258064516129e-05	NA
176806	3.2258064516129e-05	NA
1782947	3.2258064516129e-05	NA
3475269	3.2258064516129e-05	NA
3579707	3.2258064516129e-05	NA
4232045	3.2258064516129e-05	NA
362997	3.17460317460317e-05	NA
359809	3.17460317460317e-05	NA
320322	3.17460317460317e-05	NA
315589	3.17460317460317e-05	NA
309929	3.17460317460317e-05	NA
307984	3.17460317460317e-05	NA
185001	3.17460317460317e-05	NA
183703	3.17460317460317e-05	NA
1751298	3.17460317460317e-05	NA
4439396	3.17460317460317e-05	NA
575041	3.125e-05	NA
189384	3.125e-05	NA
179362	3.125e-05	NA
148722	3.125e-05	NA
4356080	3.125e-05	NA
335906	3.10910118711136e-05	NA
312986	3.07692307692308e-05	NA
212532	3.07692307692308e-05	NA
180082	3.07692307692308e-05	NA
177581	3.07692307692308e-05	NA
1733364	3.07692307692308e-05	NA
3940440	3.07692307692308e-05	NA
4426298	3.07692307692308e-05	NA
4478125	3.07692307692308e-05	NA
309433	3.03030303030303e-05	NA
196632	3.03030303030303e-05	NA
151870	3.03030303030303e-05	NA
4339144	3.03030303030303e-05	NA
342844	2.98507462686567e-05	NA
308860	2.98507462686567e-05	NA
229533	2.98507462686567e-05	NA
174846	2.98507462686567e-05	NA
916621	2.98507462686567e-05	NA
186321	2.94284097340124e-05	NA
363035	2.94117647058824e-05	NA
165118	2.94117647058824e-05	NA
189250	2.89855072463768e-05	NA
4372578	2.89855072463768e-05	NA
187751	2.86016949152542e-05	NA
4004993	2.8169014084507e-05	NA
182224	2.74429173281005e-05	NA
4381430	2.37901402080507e-05	NA
370225	1.22033898305085e-05	NA
323325	4.31848852901484e-06	NA
772282	4.21545667447307e-06	NA
180185	4.17972831765935e-06	NA
349431	3.7037037037037e-06	NA
330294	3.23275862068965e-06	NA
243150	2.40731824747232e-06	NA
3826120	1.44300144300144e-06	NA
348406	1.18941421349985e-06	NA
307661	1.14942528735632e-06	NA
1111294	0	NA
1110988	0	NA
1110378	0	NA
1110312	0	NA
1108422	0	NA
1107027	0	NA
1106862	0	NA
1105552	0	NA
1105486	0	NA
1105454	0	NA
1105343	0	NA
1099710	0	NA
1094991	0	NA
1078587	0	NA
1076818	0	NA
1073276	0	NA
1066431	0	NA
1062061	0	NA
1053898	0	NA
1040889	0	NA
1035532	0	NA
1035392	0	NA
1029949	0	NA
1016598	0	NA
999046	0	NA
989579	0	NA
988932	0	NA
988375	0	NA
976470	0	NA
975306	0	NA
971907	0	NA
967427	0	NA
953855	0	NA
941096	0	NA
930873	0	NA
929836	0	NA
927550	0	NA
918242	0	NA
916143	0	NA
905774	0	NA
899714	0	NA
888300	0	NA
878104	0	NA
874627	0	NA
868615	0	NA
866280	0	NA
860192	0	NA
858999	0	NA
851715	0	NA
851704	0	NA
850905	0	NA
850841	0	NA
850462	0	NA
850066	0	NA
846464	0	NA
846386	0	NA
846141	0	NA
845291	0	NA
844589	0	NA
844006	0	NA
843553	0	NA
843459	0	NA
843454	0	NA
842786	0	NA
842596	0	NA
841907	0	NA
840914	0	NA
840291	0	NA
839200	0	NA
833458	0	NA
828483	0	NA
827702	0	NA
823634	0	NA
817140	0	NA
813217	0	NA
806852	0	NA
804526	0	NA
797229	0	NA
791522	0	NA
782953	0	NA
780650	0	NA
777667	0	NA
772384	0	NA
769075	0	NA
766113	0	NA
752584	0	NA
746679	0	NA
743396	0	NA
739826	0	NA
725212	0	NA
721569	0	NA
712677	0	NA
708680	0	NA
701221	0	NA
696563	0	NA
688701	0	NA
687940	0	NA
687245	0	NA
686972	0	NA
682726	0	NA
659361	0	NA
647215	0	NA
646411	0	NA
644244	0	NA
642922	0	NA
641783	0	NA
636296	0	NA
628226	0	NA
621829	0	NA
621472	0	NA
621166	0	NA
606927	0	NA
594119	0	NA
593868	0	NA
593422	0	NA
593043	0	NA
592913	0	NA
592649	0	NA
592616	0	NA
592139	0	NA
591818	0	NA
591785	0	NA
591671	0	NA
591635	0	NA
591439	0	NA
591118	0	NA
589989	0	NA
589622	0	NA
589329	0	NA
589071	0	NA
588929	0	NA
588471	0	NA
588216	0	NA
588197	0	NA
587933	0	NA
587269	0	NA
587041	0	NA
586968	0	NA
586525	0	NA
586517	0	NA
586453	0	NA
586271	0	NA
585989	0	NA
585756	0	NA
585480	0	NA
585227	0	NA
585220	0	NA
584978	0	NA
584951	0	NA
584541	0	NA
584484	0	NA
584375	0	NA
584263	0	NA
584107	0	NA
584001	0	NA
583974	0	NA
583958	0	NA
583746	0	NA
583656	0	NA
583590	0	NA
583500	0	NA
583398	0	NA
583256	0	NA
583134	0	NA
583117	0	NA
583089	0	NA
581814	0	NA
581782	0	NA
581201	0	NA
581079	0	NA
581003	0	NA
580629	0	NA
580421	0	NA
580305	0	NA
580121	0	NA
580090	0	NA
579608	0	NA
579541	0	NA
579452	0	NA
578960	0	NA
578857	0	NA
578207	0	NA
578147	0	NA
578016	0	NA
577380	0	NA
577294	0	NA
577228	0	NA
577170	0	NA
576712	0	NA
576221	0	NA
575557	0	NA
575335	0	NA
574585	0	NA
574122	0	NA
573110	0	NA
573068	0	NA
572889	0	NA
572860	0	NA
572751	0	NA
572750	0	NA
572476	0	NA
572130	0	NA
571992	0	NA
571642	0	NA
571406	0	NA
571178	0	NA
571165	0	NA
571111	0	NA
570507	0	NA
569244	0	NA
569017	0	NA
568118	0	NA
567974	0	NA
567960	0	NA
566976	0	NA
566243	0	NA
565357	0	NA
565289	0	NA
564961	0	NA
564941	0	NA
564849	0	NA
564806	0	NA
564704	0	NA
564581	0	NA
564400	0	NA
564320	0	NA
564188	0	NA
563803	0	NA
563572	0	NA
562376	0	NA
562244	0	NA
562038	0	NA
561607	0	NA
560836	0	NA
560465	0	NA
560336	0	NA
559659	0	NA
559527	0	NA
559302	0	NA
559204	0	NA
558839	0	NA
558599	0	NA
558444	0	NA
558420	0	NA
557978	0	NA
556835	0	NA
556240	0	NA
556126	0	NA
555945	0	NA
555547	0	NA
555101	0	NA
554338	0	NA
554304	0	NA
554303	0	NA
554296	0	NA
553611	0	NA
553352	0	NA
553150	0	NA
553080	0	NA
552779	0	NA
552528	0	NA
552380	0	NA
552235	0	NA
552031	0	NA
551902	0	NA
550814	0	NA
550727	0	NA
550013	0	NA
548692	0	NA
548621	0	NA
548587	0	NA
548503	0	NA
547730	0	NA
547304	0	NA
547287	0	NA
546876	0	NA
545473	0	NA
545061	0	NA
544996	0	NA
544896	0	NA
544859	0	NA
542934	0	NA
542496	0	NA
542096	0	NA
541602	0	NA
541354	0	NA
540924	0	NA
540862	0	NA
540086	0	NA
540055	0	NA
539820	0	NA
539581	0	NA
538947	0	NA
538322	0	NA
537661	0	NA
537548	0	NA
537219	0	NA
536866	0	NA
536535	0	NA
535601	0	NA
535549	0	NA
535399	0	NA
535375	0	NA
534965	0	NA
534926	0	NA
534766	0	NA
534042	0	NA
533969	0	NA
533847	0	NA
533133	0	NA
532203	0	NA
531928	0	NA
531808	0	NA
531675	0	NA
531539	0	NA
531495	0	NA
531436	0	NA
531374	0	NA
530928	0	NA
530865	0	NA
530854	0	NA
530700	0	NA
530094	0	NA
529979	0	NA
529940	0	NA
529873	0	NA
529780	0	NA
529740	0	NA
529652	0	NA
528955	0	NA
528782	0	NA
528752	0	NA
528652	0	NA
528596	0	NA
528362	0	NA
528357	0	NA
527941	0	NA
526804	0	NA
526682	0	NA
526665	0	NA
526490	0	NA
525515	0	NA
525474	0	NA
525458	0	NA
525344	0	NA
525341	0	NA
525215	0	NA
525156	0	NA
525143	0	NA
524884	0	NA
524842	0	NA
524633	0	NA
524471	0	NA
524444	0	NA
524404	0	NA
524371	0	NA
524318	0	NA
524117	0	NA
524111	0	NA
524044	0	NA
523934	0	NA
523542	0	NA
523499	0	NA
523140	0	NA
523064	0	NA
523051	0	NA
522961	0	NA
522959	0	NA
522595	0	NA
522582	0	NA
522511	0	NA
522433	0	NA
522138	0	NA
522107	0	NA
521996	0	NA
521927	0	NA
521558	0	NA
520774	0	NA
520720	0	NA
520657	0	NA
520413	0	NA
520081	0	NA
519880	0	NA
519766	0	NA
519746	0	NA
519545	0	NA
519290	0	NA
519000	0	NA
518967	0	NA
518820	0	NA
518743	0	NA
518438	0	NA
517743	0	NA
517722	0	NA
517495	0	NA
516977	0	NA
516966	0	NA
516611	0	NA
516544	0	NA
516457	0	NA
516366	0	NA
516159	0	NA
516022	0	NA
515590	0	NA
515362	0	NA
515322	0	NA
515299	0	NA
515088	0	NA
514996	0	NA
514988	0	NA
514940	0	NA
514523	0	NA
514405	0	NA
514363	0	NA
514257	0	NA
514045	0	NA
513605	0	NA
513445	0	NA
513010	0	NA
513003	0	NA
512894	0	NA
512494	0	NA
512178	0	NA
512114	0	NA
511510	0	NA
511475	0	NA
510870	0	NA
510777	0	NA
510524	0	NA
510295	0	NA
510233	0	NA
509838	0	NA
509788	0	NA
509773	0	NA
509636	0	NA
509621	0	NA
509452	0	NA
509433	0	NA
509416	0	NA
508968	0	NA
508897	0	NA
503406	0	NA
503315	0	NA
503236	0	NA
503197	0	NA
498355	0	NA
495451	0	NA
495396	0	NA
495079	0	NA
494937	0	NA
494906	0	NA
493391	0	NA
484439	0	NA
471180	0	NA
470382	0	NA
465433	0	NA
462585	0	NA
459276	0	NA
456774	0	NA
455805	0	NA
454363	0	NA
453896	0	NA
452823	0	NA
452014	0	NA
450755	0	NA
449353	0	NA
447776	0	NA
446691	0	NA
441468	0	NA
438128	0	NA
433722	0	NA
432284	0	NA
428953	0	NA
428632	0	NA
427219	0	NA
427159	0	NA
425721	0	NA
423264	0	NA
420168	0	NA
418334	0	NA
410307	0	NA
403701	0	NA
400599	0	NA
392887	0	NA
390497	0	NA
389529	0	NA
376516	0	NA
376397	0	NA
375892	0	NA
375067	0	NA
374557	0	NA
373928	0	NA
373923	0	NA
372368	0	NA
370809	0	NA
370361	0	NA
370357	0	NA
370287	0	NA
370217	0	NA
370190	0	NA
370183	0	NA
370105	0	NA
370098	0	NA
370086	0	NA
370077	0	NA
370046	0	NA
369996	0	NA
369843	0	NA
369827	0	NA
369822	0	NA
369797	0	NA
369763	0	NA
369709	0	NA
369637	0	NA
369635	0	NA
369602	0	NA
369555	0	NA
369486	0	NA
369449	0	NA
369227	0	NA
369182	0	NA
369109	0	NA
369090	0	NA
369027	0	NA
368950	0	NA
368849	0	NA
368698	0	NA
368681	0	NA
368490	0	NA
368486	0	NA
368412	0	NA
368338	0	NA
368318	0	NA
368261	0	NA
368236	0	NA
368219	0	NA
368203	0	NA
368127	0	NA
368117	0	NA
367977	0	NA
367947	0	NA
367909	0	NA
367889	0	NA
367814	0	NA
367813	0	NA
367790	0	NA
367688	0	NA
367453	0	NA
367433	0	NA
367304	0	NA
367232	0	NA
367217	0	NA
367215	0	NA
367213	0	NA
367142	0	NA
367092	0	NA
366986	0	NA
366846	0	NA
366797	0	NA
366794	0	NA
366781	0	NA
366752	0	NA
366727	0	NA
366716	0	NA
366641	0	NA
366633	0	NA
366391	0	NA
366386	0	NA
366376	0	NA
366237	0	NA
366195	0	NA
366147	0	NA
366068	0	NA
365965	0	NA
365891	0	NA
365842	0	NA
365810	0	NA
365717	0	NA
365634	0	NA
365628	0	NA
365621	0	NA
365574	0	NA
365484	0	NA
365455	0	NA
365385	0	NA
365372	0	NA
365297	0	NA
365256	0	NA
365222	0	NA
365220	0	NA
365194	0	NA
365167	0	NA
365118	0	NA
364926	0	NA
364824	0	NA
364753	0	NA
364736	0	NA
364563	0	NA
364527	0	NA
364341	0	NA
364289	0	NA
364274	0	NA
364227	0	NA
364109	0	NA
364092	0	NA
364048	0	NA
364034	0	NA
364029	0	NA
363997	0	NA
363881	0	NA
363856	0	NA
363844	0	NA
363735	0	NA
363731	0	NA
363646	0	NA
363477	0	NA
363442	0	NA
363430	0	NA
363400	0	NA
363389	0	NA
363358	0	NA
363348	0	NA
363064	0	NA
363029	0	NA
363017	0	NA
362991	0	NA
362958	0	NA
362955	0	NA
362948	0	NA
362947	0	NA
362854	0	NA
362846	0	NA
362793	0	NA
362767	0	NA
362765	0	NA
362608	0	NA
362501	0	NA
362470	0	NA
362450	0	NA
362389	0	NA
362344	0	NA
362342	0	NA
362327	0	NA
362094	0	NA
362078	0	NA
362037	0	NA
362009	0	NA
361928	0	NA
361864	0	NA
361845	0	NA
361727	0	NA
361702	0	NA
361683	0	NA
361619	0	NA
361581	0	NA
361507	0	NA
361398	0	NA
361297	0	NA
361266	0	NA
361186	0	NA
361170	0	NA
360985	0	NA
360890	0	NA
360861	0	NA
360808	0	NA
360761	0	NA
360730	0	NA
360703	0	NA
360660	0	NA
360636	0	NA
360553	0	NA
360518	0	NA
360508	0	NA
360440	0	NA
360329	0	NA
360315	0	NA
360240	0	NA
360158	0	NA
360147	0	NA
360015	0	NA
360000	0	NA
359984	0	NA
359978	0	NA
359950	0	NA
359872	0	NA
359779	0	NA
359762	0	NA
359750	0	NA
359650	0	NA
359581	0	NA
359563	0	NA
359538	0	NA
359493	0	NA
359445	0	NA
359376	0	NA
359314	0	NA
359175	0	NA
359158	0	NA
359149	0	NA
359120	0	NA
359111	0	NA
359020	0	NA
358944	0	NA
358939	0	NA
358781	0	NA
358749	0	NA
358712	0	NA
358670	0	NA
358654	0	NA
358639	0	NA
358594	0	NA
358493	0	NA
358483	0	NA
358343	0	NA
358333	0	NA
358185	0	NA
358143	0	NA
358112	0	NA
358030	0	NA
358016	0	NA
358008	0	NA
358007	0	NA
357963	0	NA
357930	0	NA
357724	0	NA
357582	0	NA
357529	0	NA
357471	0	NA
357449	0	NA
357412	0	NA
357389	0	NA
357312	0	NA
357305	0	NA
357261	0	NA
357111	0	NA
357046	0	NA
357002	0	NA
356827	0	NA
356745	0	NA
356529	0	NA
356394	0	NA
356138	0	NA
356079	0	NA
356052	0	NA
356011	0	NA
355975	0	NA
355940	0	NA
355685	0	NA
355471	0	NA
355334	0	NA
355312	0	NA
355307	0	NA
355291	0	NA
355246	0	NA
355196	0	NA
355102	0	NA
354798	0	NA
354781	0	NA
354632	0	NA
354574	0	NA
354461	0	NA
354334	0	NA
354254	0	NA
353982	0	NA
353817	0	NA
353791	0	NA
353631	0	NA
353615	0	NA
353330	0	NA
353292	0	NA
353214	0	NA
353173	0	NA
353155	0	NA
352943	0	NA
352933	0	NA
352918	0	NA
352908	0	NA
352878	0	NA
352852	0	NA
352733	0	NA
352647	0	NA
352617	0	NA
352604	0	NA
352529	0	NA
352304	0	NA
352243	0	NA
352215	0	NA
352182	0	NA
352034	0	NA
352014	0	NA
351979	0	NA
351927	0	NA
351880	0	NA
351707	0	NA
351663	0	NA
351570	0	NA
351501	0	NA
351430	0	NA
351231	0	NA
351095	0	NA
351084	0	NA
351028	0	NA
350979	0	NA
350970	0	NA
350875	0	NA
350865	0	NA
350681	0	NA
350666	0	NA
350523	0	NA
350503	0	NA
350502	0	NA
350373	0	NA
350337	0	NA
350300	0	NA
350297	0	NA
350277	0	NA
350273	0	NA
350255	0	NA
350189	0	NA
350121	0	NA
350071	0	NA
350036	0	NA
350004	0	NA
349882	0	NA
349862	0	NA
349809	0	NA
349802	0	NA
349482	0	NA
349257	0	NA
349246	0	NA
349238	0	NA
349123	0	NA
349065	0	NA
349052	0	NA
348897	0	NA
348863	0	NA
348821	0	NA
348751	0	NA
348642	0	NA
348617	0	NA
348561	0	NA
348487	0	NA
348362	0	NA
348304	0	NA
348027	0	NA
348007	0	NA
347965	0	NA
347735	0	NA
347714	0	NA
347690	0	NA
347639	0	NA
347575	0	NA
347553	0	NA
347529	0	NA
347375	0	NA
347243	0	NA
347226	0	NA
347189	0	NA
347138	0	NA
347131	0	NA
347082	0	NA
346938	0	NA
346793	0	NA
346720	0	NA
346686	0	NA
346598	0	NA
346350	0	NA
346302	0	NA
345951	0	NA
345944	0	NA
345801	0	NA
345717	0	NA
345637	0	NA
345542	0	NA
345473	0	NA
345362	0	NA
345354	0	NA
345322	0	NA
345319	0	NA
345303	0	NA
345301	0	NA
345211	0	NA
345176	0	NA
345158	0	NA
345144	0	NA
345118	0	NA
345111	0	NA
344947	0	NA
344937	0	NA
344844	0	NA
344804	0	NA
344746	0	NA
344525	0	NA
344523	0	NA
344512	0	NA
344430	0	NA
344318	0	NA
344155	0	NA
344154	0	NA
344118	0	NA
343934	0	NA
343831	0	NA
343727	0	NA
343699	0	NA
343635	0	NA
343483	0	NA
343378	0	NA
343313	0	NA
343258	0	NA
343251	0	NA
343090	0	NA
342873	0	NA
342802	0	NA
342788	0	NA
342666	0	NA
342603	0	NA
342575	0	NA
342449	0	NA
342427	0	NA
342397	0	NA
342380	0	NA
342375	0	NA
342217	0	NA
342110	0	NA
342014	0	NA
341953	0	NA
341930	0	NA
341920	0	NA
341902	0	NA
341777	0	NA
341724	0	NA
341622	0	NA
341460	0	NA
341444	0	NA
341138	0	NA
341024	0	NA
341004	0	NA
340995	0	NA
340876	0	NA
340759	0	NA
340717	0	NA
340711	0	NA
340631	0	NA
340547	0	NA
340486	0	NA
340476	0	NA
340223	0	NA
340219	0	NA
340113	0	NA
340025	0	NA
339992	0	NA
339948	0	NA
339886	0	NA
339718	0	NA
339712	0	NA
339685	0	NA
339599	0	NA
339494	0	NA
339358	0	NA
339221	0	NA
339087	0	NA
339076	0	NA
339013	0	NA
338992	0	NA
338950	0	NA
338754	0	NA
338726	0	NA
338681	0	NA
338407	0	NA
338381	0	NA
338301	0	NA
338222	0	NA
338195	0	NA
338177	0	NA
338153	0	NA
338105	0	NA
338069	0	NA
337966	0	NA
337946	0	NA
337909	0	NA
337772	0	NA
337765	0	NA
337735	0	NA
337729	0	NA
337579	0	NA
337538	0	NA
337511	0	NA
337495	0	NA
337468	0	NA
337403	0	NA
337379	0	NA
337161	0	NA
337083	0	NA
337080	0	NA
337048	0	NA
336890	0	NA
336866	0	NA
336830	0	NA
336761	0	NA
336710	0	NA
336708	0	NA
336691	0	NA
336632	0	NA
336627	0	NA
336614	0	NA
336559	0	NA
336528	0	NA
336501	0	NA
336372	0	NA
336325	0	NA
336228	0	NA
336205	0	NA
336133	0	NA
336063	0	NA
336012	0	NA
335910	0	NA
335884	0	NA
335757	0	NA
335701	0	NA
335670	0	NA
335577	0	NA
335564	0	NA
335550	0	NA
335041	0	NA
334935	0	NA
334797	0	NA
334573	0	NA
334459	0	NA
334395	0	NA
334340	0	NA
334336	0	NA
334203	0	NA
334044	0	NA
333896	0	NA
333886	0	NA
333846	0	NA
333768	0	NA
333580	0	NA
333465	0	NA
333380	0	NA
333348	0	NA
333189	0	NA
333178	0	NA
333166	0	NA
333114	0	NA
333096	0	NA
333028	0	NA
332968	0	NA
332860	0	NA
332846	0	NA
332803	0	NA
332778	0	NA
332732	0	NA
332718	0	NA
332660	0	NA
332588	0	NA
332527	0	NA
332500	0	NA
332450	0	NA
332241	0	NA
332185	0	NA
332163	0	NA
331912	0	NA
331902	0	NA
331881	0	NA
331865	0	NA
331850	0	NA
331784	0	NA
331717	0	NA
331716	0	NA
331476	0	NA
331417	0	NA
331416	0	NA
331326	0	NA
331303	0	NA
331113	0	NA
330989	0	NA
330714	0	NA
330564	0	NA
330333	0	NA
330256	0	NA
330252	0	NA
330193	0	NA
329798	0	NA
329703	0	NA
329693	0	NA
329668	0	NA
329662	0	NA
329650	0	NA
329313	0	NA
329282	0	NA
329205	0	NA
329191	0	NA
329153	0	NA
328993	0	NA
328955	0	NA
328936	0	NA
328905	0	NA
328892	0	NA
328777	0	NA
328659	0	NA
328628	0	NA
328573	0	NA
328466	0	NA
328105	0	NA
328103	0	NA
328098	0	NA
328059	0	NA
327969	0	NA
327931	0	NA
327818	0	NA
327730	0	NA
327704	0	NA
327655	0	NA
327598	0	NA
327581	0	NA
327327	0	NA
327298	0	NA
327218	0	NA
327176	0	NA
327171	0	NA
327149	0	NA
327050	0	NA
326991	0	NA
326936	0	NA
326865	0	NA
326662	0	NA
326626	0	NA
326569	0	NA
326430	0	NA
326390	0	NA
326315	0	NA
326180	0	NA
326136	0	NA
326113	0	NA
326083	0	NA
326013	0	NA
325958	0	NA
325848	0	NA
325808	0	NA
325768	0	NA
325586	0	NA
325552	0	NA
325503	0	NA
325437	0	NA
325419	0	NA
325326	0	NA
324882	0	NA
324733	0	NA
324315	0	NA
324302	0	NA
324244	0	NA
324236	0	NA
324214	0	NA
324157	0	NA
324153	0	NA
324112	0	NA
324015	0	NA
323903	0	NA
323862	0	NA
323818	0	NA
323778	0	NA
323746	0	NA
323200	0	NA
323139	0	NA
323135	0	NA
323106	0	NA
322999	0	NA
322962	0	NA
322840	0	NA
322835	0	NA
322814	0	NA
322719	0	NA
322715	0	NA
322604	0	NA
322571	0	NA
322505	0	NA
322433	0	NA
322367	0	NA
322361	0	NA
322130	0	NA
322118	0	NA
321972	0	NA
321907	0	NA
321902	0	NA
321825	0	NA
321774	0	NA
321743	0	NA
321735	0	NA
321484	0	NA
321453	0	NA
321440	0	NA
321331	0	NA
321106	0	NA
321096	0	NA
320915	0	NA
320483	0	NA
320376	0	NA
320363	0	NA
320332	0	NA
320291	0	NA
320207	0	NA
320120	0	NA
319981	0	NA
319798	0	NA
319709	0	NA
319708	0	NA
319680	0	NA
319659	0	NA
319621	0	NA
319541	0	NA
319455	0	NA
319438	0	NA
319411	0	NA
319286	0	NA
319275	0	NA
319153	0	NA
319097	0	NA
318970	0	NA
318959	0	NA
318957	0	NA
318569	0	NA
318503	0	NA
318315	0	NA
318278	0	NA
318190	0	NA
318091	0	NA
317993	0	NA
317888	0	NA
317886	0	NA
317814	0	NA
317677	0	NA
317502	0	NA
317315	0	NA
317288	0	NA
317135	0	NA
317113	0	NA
317065	0	NA
317012	0	NA
316925	0	NA
316761	0	NA
316732	0	NA
316728	0	NA
316675	0	NA
316598	0	NA
316378	0	NA
316289	0	NA
316267	0	NA
316132	0	NA
316081	0	NA
316029	0	NA
315982	0	NA
315978	0	NA
315958	0	NA
315463	0	NA
315391	0	NA
315200	0	NA
315117	0	NA
314915	0	NA
314914	0	NA
314749	0	NA
314586	0	NA
314582	0	NA
314480	0	NA
314433	0	NA
314406	0	NA
314204	0	NA
314095	0	NA
314029	0	NA
313968	0	NA
313823	0	NA
313764	0	NA
313593	0	NA
313524	0	NA
313521	0	NA
313423	0	NA
313387	0	NA
313216	0	NA
313143	0	NA
313121	0	NA
313086	0	NA
313044	0	NA
313037	0	NA
312973	0	NA
312969	0	NA
312882	0	NA
312835	0	NA
312707	0	NA
312628	0	NA
312586	0	NA
312515	0	NA
312464	0	NA
312440	0	NA
312311	0	NA
312140	0	NA
312070	0	NA
311961	0	NA
311950	0	NA
311947	0	NA
311820	0	NA
311704	0	NA
311606	0	NA
311482	0	NA
311464	0	NA
311426	0	NA
311423	0	NA
311402	0	NA
311087	0	NA
310979	0	NA
310957	0	NA
310945	0	NA
310902	0	NA
310748	0	NA
310633	0	NA
310574	0	NA
310301	0	NA
310247	0	NA
310160	0	NA
310071	0	NA
309873	0	NA
309815	0	NA
309745	0	NA
309720	0	NA
309629	0	NA
309534	0	NA
309350	0	NA
309347	0	NA
309284	0	NA
309220	0	NA
309030	0	NA
309020	0	NA
308983	0	NA
308957	0	NA
308802	0	NA
308786	0	NA
308760	0	NA
308684	0	NA
308598	0	NA
308544	0	NA
308444	0	NA
308419	0	NA
308386	0	NA
308365	0	NA
308322	0	NA
308309	0	NA
308157	0	NA
308057	0	NA
307978	0	NA
307761	0	NA
307680	0	NA
307643	0	NA
307638	0	NA
307462	0	NA
307420	0	NA
307299	0	NA
307238	0	NA
307154	0	NA
307127	0	NA
307113	0	NA
307022	0	NA
306896	0	NA
306885	0	NA
306704	0	NA
306633	0	NA
306499	0	NA
306315	0	NA
306299	0	NA
306261	0	NA
306160	0	NA
306124	0	NA
306089	0	NA
306035	0	NA
306021	0	NA
305965	0	NA
305946	0	NA
305924	0	NA
305841	0	NA
305467	0	NA
305394	0	NA
305329	0	NA
305318	0	NA
305313	0	NA
305275	0	NA
305272	0	NA
305247	0	NA
305224	0	NA
305187	0	NA
305141	0	NA
305016	0	NA
304973	0	NA
304924	0	NA
304871	0	NA
304825	0	NA
304779	0	NA
304777	0	NA
304641	0	NA
304531	0	NA
304239	0	NA
304211	0	NA
304161	0	NA
304108	0	NA
304047	0	NA
304043	0	NA
303963	0	NA
303866	0	NA
303844	0	NA
303835	0	NA
303571	0	NA
303326	0	NA
303320	0	NA
303274	0	NA
303269	0	NA
303221	0	NA
303161	0	NA
303037	0	NA
303027	0	NA
302960	0	NA
302932	0	NA
302834	0	NA
302746	0	NA
302706	0	NA
302683	0	NA
302632	0	NA
302629	0	NA
302614	0	NA
302597	0	NA
302553	0	NA
302539	0	NA
302538	0	NA
302525	0	NA
302511	0	NA
302503	0	NA
302431	0	NA
302377	0	NA
302352	0	NA
302266	0	NA
302257	0	NA
302160	0	NA
302144	0	NA
302128	0	NA
302106	0	NA
302049	0	NA
301984	0	NA
301910	0	NA
301880	0	NA
301655	0	NA
301620	0	NA
301578	0	NA
301534	0	NA
301462	0	NA
301375	0	NA
301306	0	NA
301270	0	NA
301253	0	NA
301149	0	NA
301033	0	NA
300910	0	NA
300870	0	NA
300855	0	NA
300853	0	NA
300829	0	NA
300662	0	NA
300650	0	NA
300618	0	NA
300613	0	NA
300611	0	NA
300588	0	NA
300582	0	NA
300501	0	NA
300491	0	NA
300487	0	NA
300467	0	NA
300458	0	NA
300417	0	NA
300374	0	NA
300297	0	NA
300235	0	NA
300152	0	NA
300136	0	NA
300102	0	NA
299858	0	NA
299851	0	NA
299837	0	NA
299820	0	NA
299770	0	NA
299757	0	NA
299755	0	NA
299741	0	NA
299732	0	NA
299659	0	NA
299620	0	NA
299474	0	NA
299450	0	NA
299428	0	NA
299419	0	NA
299407	0	NA
299399	0	NA
299382	0	NA
299355	0	NA
299302	0	NA
299281	0	NA
299267	0	NA
299187	0	NA
298954	0	NA
298942	0	NA
298937	0	NA
298900	0	NA
298842	0	NA
298804	0	NA
298716	0	NA
298592	0	NA
298427	0	NA
298288	0	NA
298146	0	NA
298120	0	NA
298072	0	NA
298006	0	NA
297856	0	NA
297756	0	NA
297641	0	NA
297629	0	NA
297414	0	NA
297385	0	NA
297278	0	NA
297266	0	NA
297237	0	NA
297150	0	NA
297143	0	NA
297111	0	NA
297087	0	NA
297057	0	NA
296960	0	NA
296945	0	NA
296872	0	NA
296858	0	NA
296726	0	NA
296686	0	NA
296577	0	NA
296558	0	NA
296470	0	NA
296442	0	NA
296441	0	NA
296420	0	NA
296410	0	NA
296394	0	NA
296374	0	NA
296340	0	NA
296275	0	NA
296187	0	NA
296165	0	NA
296113	0	NA
296094	0	NA
296052	0	NA
296045	0	NA
296038	0	NA
295981	0	NA
295974	0	NA
295938	0	NA
295804	0	NA
295705	0	NA
295622	0	NA
295554	0	NA
295485	0	NA
295456	0	NA
295384	0	NA
295339	0	NA
295312	0	NA
295296	0	NA
295258	0	NA
295194	0	NA
295146	0	NA
295100	0	NA
295094	0	NA
295085	0	NA
295053	0	NA
294922	0	NA
294905	0	NA
294812	0	NA
294791	0	NA
294748	0	NA
294710	0	NA
294618	0	NA
294606	0	NA
294440	0	NA
294363	0	NA
294353	0	NA
294270	0	NA
294262	0	NA
294246	0	NA
294224	0	NA
294219	0	NA
294196	0	NA
294169	0	NA
294122	0	NA
294066	0	NA
294022	0	NA
293843	0	NA
293655	0	NA
293511	0	NA
293508	0	NA
293473	0	NA
293262	0	NA
293095	0	NA
293076	0	NA
292967	0	NA
292921	0	NA
292910	0	NA
292909	0	NA
292820	0	NA
292816	0	NA
292814	0	NA
292807	0	NA
292758	0	NA
292749	0	NA
292735	0	NA
292688	0	NA
292633	0	NA
292562	0	NA
292537	0	NA
292521	0	NA
292493	0	NA
292399	0	NA
292315	0	NA
292310	0	NA
292289	0	NA
292242	0	NA
292228	0	NA
292171	0	NA
292091	0	NA
292057	0	NA
292041	0	NA
291950	0	NA
291906	0	NA
291902	0	NA
291794	0	NA
291733	0	NA
291715	0	NA
291648	0	NA
291644	0	NA
291571	0	NA
291475	0	NA
291445	0	NA
291380	0	NA
291315	0	NA
291266	0	NA
291263	0	NA
291215	0	NA
291202	0	NA
291195	0	NA
291158	0	NA
291094	0	NA
291063	0	NA
291054	0	NA
291017	0	NA
290917	0	NA
290900	0	NA
290877	0	NA
290852	0	NA
290764	0	NA
290762	0	NA
290686	0	NA
290647	0	NA
290637	0	NA
290468	0	NA
290455	0	NA
290442	0	NA
290375	0	NA
290322	0	NA
290304	0	NA
290284	0	NA
290281	0	NA
290253	0	NA
290241	0	NA
290240	0	NA
290211	0	NA
290210	0	NA
290101	0	NA
289958	0	NA
289938	0	NA
289867	0	NA
289730	0	NA
289725	0	NA
289709	0	NA
289622	0	NA
289538	0	NA
289474	0	NA
289452	0	NA
289306	0	NA
289304	0	NA
289257	0	NA
289183	0	NA
289110	0	NA
289035	0	NA
288839	0	NA
288810	0	NA
288780	0	NA
288651	0	NA
288557	0	NA
288362	0	NA
288318	0	NA
288235	0	NA
288223	0	NA
288215	0	NA
288193	0	NA
288075	0	NA
287978	0	NA
287813	0	NA
287808	0	NA
287700	0	NA
287691	0	NA
287645	0	NA
287608	0	NA
287576	0	NA
287510	0	NA
287502	0	NA
287445	0	NA
279487	0	NA
279340	0	NA
279179	0	NA
279107	0	NA
279048	0	NA
278928	0	NA
278901	0	NA
278753	0	NA
278506	0	NA
278440	0	NA
278123	0	NA
277946	0	NA
277163	0	NA
276643	0	NA
276632	0	NA
276622	0	NA
276484	0	NA
276404	0	NA
276149	0	NA
275895	0	NA
275061	0	NA
274318	0	NA
274257	0	NA
274083	0	NA
273681	0	NA
273232	0	NA
273223	0	NA
272964	0	NA
272646	0	NA
272213	0	NA
272171	0	NA
271706	0	NA
271593	0	NA
271259	0	NA
271214	0	NA
271185	0	NA
271131	0	NA
271013	0	NA
270786	0	NA
270519	0	NA
270391	0	NA
270385	0	NA
270382	0	NA
270162	0	NA
270094	0	NA
270059	0	NA
269937	0	NA
269833	0	NA
269828	0	NA
269657	0	NA
269611	0	NA
269413	0	NA
269386	0	NA
269360	0	NA
269327	0	NA
269125	0	NA
268730	0	NA
268506	0	NA
268425	0	NA
268257	0	NA
268074	0	NA
267739	0	NA
267452	0	NA
267110	0	NA
267045	0	NA
266935	0	NA
266484	0	NA
266274	0	NA
266210	0	NA
265871	0	NA
265524	0	NA
264967	0	NA
264684	0	NA
264536	0	NA
264496	0	NA
263957	0	NA
263895	0	NA
263546	0	NA
263248	0	NA
263155	0	NA
263138	0	NA
263111	0	NA
262927	0	NA
262563	0	NA
262484	0	NA
262399	0	NA
262258	0	NA
262095	0	NA
261894	0	NA
261878	0	NA
261744	0	NA
261698	0	NA
261328	0	NA
261256	0	NA
261241	0	NA
261240	0	NA
261209	0	NA
260414	0	NA
260410	0	NA
260140	0	NA
259955	0	NA
259772	0	NA
259604	0	NA
259306	0	NA
259266	0	NA
259251	0	NA
259218	0	NA
259175	0	NA
259110	0	NA
258995	0	NA
258946	0	NA
258550	0	NA
258389	0	NA
258375	0	NA
258099	0	NA
257492	0	NA
256434	0	NA
256232	0	NA
255034	0	NA
254600	0	NA
254446	0	NA
254376	0	NA
254021	0	NA
253061	0	NA
248902	0	NA
248563	0	NA
248126	0	NA
248053	0	NA
247557	0	NA
247473	0	NA
246717	0	NA
245595	0	NA
245022	0	NA
243185	0	NA
242298	0	NA
241843	0	NA
239863	0	NA
239771	0	NA
239562	0	NA
238803	0	NA
237468	0	NA
237438	0	NA
237138	0	NA
235212	0	NA
235065	0	NA
235024	0	NA
234959	0	NA
234951	0	NA
234724	0	NA
234488	0	NA
234443	0	NA
234314	0	NA
234054	0	NA
233993	0	NA
233953	0	NA
233623	0	NA
233573	0	NA
233549	0	NA
233253	0	NA
233052	0	NA
232828	0	NA
232800	0	NA
232696	0	NA
232273	0	NA
232222	0	NA
232030	0	NA
231952	0	NA
231787	0	NA
231752	0	NA
231469	0	NA
231028	0	NA
230741	0	NA
230725	0	NA
230263	0	NA
230252	0	NA
230232	0	NA
230132	0	NA
229958	0	NA
229919	0	NA
229874	0	NA
229348	0	NA
229228	0	NA
229088	0	NA
229069	0	NA
228748	0	NA
228556	0	NA
228330	0	NA
228232	0	NA
228199	0	NA
228061	0	NA
227819	0	NA
227697	0	NA
227565	0	NA
225636	0	NA
225284	0	NA
224786	0	NA
223059	0	NA
222842	0	NA
222343	0	NA
221784	0	NA
221454	0	NA
221429	0	NA
220168	0	NA
219959	0	NA
219733	0	NA
219668	0	NA
219064	0	NA
218710	0	NA
216710	0	NA
216599	0	NA
216550	0	NA
216290	0	NA
216111	0	NA
216010	0	NA
215963	0	NA
215855	0	NA
215751	0	NA
215731	0	NA
215697	0	NA
215670	0	NA
215331	0	NA
215269	0	NA
215097	0	NA
214919	0	NA
214715	0	NA
214684	0	NA
214450	0	NA
214317	0	NA
214036	0	NA
214031	0	NA
213885	0	NA
213870	0	NA
213813	0	NA
213671	0	NA
213487	0	NA
213394	0	NA
212698	0	NA
212686	0	NA
212634	0	NA
212619	0	NA
212481	0	NA
212359	0	NA
212341	0	NA
212164	0	NA
211935	0	NA
211907	0	NA
211764	0	NA
211761	0	NA
211750	0	NA
211720	0	NA
211706	0	NA
211593	0	NA
211354	0	NA
211212	0	NA
211191	0	NA
210965	0	NA
210946	0	NA
210895	0	NA
210890	0	NA
210867	0	NA
210647	0	NA
210542	0	NA
210371	0	NA
210262	0	NA
210095	0	NA
210092	0	NA
210073	0	NA
209845	0	NA
209760	0	NA
209685	0	NA
209475	0	NA
209251	0	NA
208972	0	NA
208927	0	NA
208901	0	NA
208843	0	NA
208790	0	NA
208739	0	NA
208539	0	NA
208479	0	NA
207994	0	NA
207487	0	NA
207390	0	NA
207262	0	NA
207252	0	NA
207174	0	NA
207126	0	NA
206887	0	NA
206574	0	NA
206513	0	NA
206494	0	NA
206233	0	NA
205934	0	NA
205904	0	NA
205615	0	NA
205309	0	NA
205148	0	NA
204725	0	NA
204629	0	NA
204352	0	NA
204126	0	NA
204099	0	NA
204093	0	NA
203579	0	NA
203545	0	NA
202162	0	NA
201364	0	NA
199761	0	NA
199753	0	NA
199745	0	NA
199716	0	NA
199710	0	NA
199702	0	NA
199701	0	NA
199694	0	NA
199692	0	NA
199677	0	NA
199643	0	NA
199640	0	NA
199568	0	NA
199555	0	NA
199549	0	NA
199543	0	NA
199524	0	NA
199501	0	NA
199487	0	NA
199476	0	NA
199460	0	NA
199455	0	NA
199448	0	NA
199430	0	NA
199422	0	NA
199421	0	NA
199413	0	NA
199388	0	NA
199374	0	NA
199368	0	NA
199354	0	NA
199337	0	NA
199336	0	NA
199335	0	NA
199321	0	NA
199318	0	NA
199313	0	NA
199300	0	NA
199286	0	NA
199283	0	NA
199279	0	NA
199276	0	NA
199268	0	NA
199256	0	NA
199245	0	NA
199243	0	NA
199226	0	NA
199218	0	NA
199212	0	NA
199190	0	NA
199182	0	NA
199156	0	NA
199147	0	NA
199141	0	NA
199091	0	NA
199081	0	NA
199077	0	NA
199070	0	NA
199065	0	NA
199061	0	NA
199036	0	NA
198990	0	NA
198983	0	NA
198980	0	NA
198962	0	NA
198956	0	NA
198945	0	NA
198941	0	NA
198930	0	NA
198928	0	NA
198915	0	NA
198910	0	NA
198909	0	NA
198869	0	NA
198866	0	NA
198865	0	NA
198848	0	NA
198839	0	NA
198830	0	NA
198826	0	NA
198814	0	NA
198805	0	NA
198783	0	NA
198757	0	NA
198751	0	NA
198740	0	NA
198696	0	NA
198649	0	NA
198646	0	NA
198636	0	NA
198618	0	NA
198604	0	NA
198597	0	NA
198595	0	NA
198587	0	NA
198584	0	NA
198583	0	NA
198559	0	NA
198552	0	NA
198542	0	NA
198532	0	NA
198530	0	NA
198521	0	NA
198503	0	NA
198494	0	NA
198489	0	NA
198478	0	NA
198450	0	NA
198449	0	NA
198439	0	NA
198426	0	NA
198423	0	NA
198422	0	NA
198399	0	NA
198380	0	NA
198362	0	NA
198332	0	NA
198324	0	NA
198273	0	NA
198270	0	NA
198252	0	NA
198251	0	NA
198245	0	NA
198243	0	NA
198210	0	NA
198209	0	NA
198194	0	NA
198190	0	NA
198184	0	NA
198183	0	NA
198176	0	NA
198167	0	NA
198151	0	NA
198145	0	NA
198133	0	NA
198118	0	NA
198117	0	NA
198102	0	NA
198085	0	NA
198071	0	NA
198067	0	NA
198062	0	NA
198059	0	NA
198053	0	NA
198034	0	NA
198031	0	NA
197991	0	NA
197988	0	NA
197943	0	NA
197930	0	NA
197924	0	NA
197874	0	NA
197864	0	NA
197832	0	NA
197807	0	NA
197792	0	NA
197783	0	NA
197761	0	NA
197760	0	NA
197750	0	NA
197725	0	NA
197708	0	NA
197698	0	NA
197696	0	NA
197675	0	NA
197624	0	NA
197603	0	NA
197589	0	NA
197587	0	NA
197581	0	NA
197578	0	NA
197562	0	NA
197552	0	NA
197540	0	NA
197539	0	NA
197535	0	NA
197529	0	NA
197524	0	NA
197521	0	NA
197517	0	NA
197505	0	NA
197504	0	NA
197503	0	NA
197500	0	NA
197499	0	NA
197497	0	NA
197481	0	NA
197460	0	NA
197458	0	NA
197435	0	NA
197430	0	NA
197418	0	NA
197402	0	NA
197367	0	NA
197364	0	NA
197361	0	NA
197354	0	NA
197352	0	NA
197346	0	NA
197341	0	NA
197334	0	NA
197326	0	NA
197324	0	NA
197314	0	NA
197307	0	NA
197288	0	NA
197274	0	NA
197273	0	NA
197250	0	NA
197237	0	NA
197233	0	NA
197222	0	NA
197221	0	NA
197214	0	NA
197207	0	NA
197194	0	NA
197179	0	NA
197164	0	NA
197133	0	NA
197112	0	NA
197111	0	NA
197105	0	NA
197095	0	NA
197091	0	NA
197080	0	NA
197072	0	NA
197060	0	NA
197052	0	NA
197050	0	NA
197022	0	NA
197004	0	NA
197003	0	NA
196991	0	NA
196990	0	NA
196986	0	NA
196980	0	NA
196957	0	NA
196951	0	NA
196946	0	NA
196935	0	NA
196918	0	NA
196909	0	NA
196905	0	NA
196902	0	NA
196898	0	NA
196893	0	NA
196878	0	NA
196854	0	NA
196848	0	NA
196832	0	NA
196831	0	NA
196802	0	NA
196787	0	NA
196769	0	NA
196748	0	NA
196742	0	NA
196736	0	NA
196731	0	NA
196724	0	NA
196713	0	NA
196711	0	NA
196664	0	NA
196660	0	NA
196604	0	NA
196599	0	NA
196597	0	NA
196590	0	NA
196581	0	NA
196572	0	NA
196553	0	NA
196526	0	NA
196513	0	NA
196508	0	NA
196482	0	NA
196462	0	NA
196458	0	NA
196453	0	NA
196435	0	NA
196428	0	NA
196388	0	NA
196382	0	NA
196381	0	NA
196371	0	NA
196370	0	NA
196346	0	NA
196332	0	NA
196318	0	NA
196315	0	NA
196314	0	NA
196312	0	NA
196307	0	NA
196296	0	NA
196271	0	NA
196270	0	NA
196253	0	NA
196248	0	NA
196240	0	NA
196219	0	NA
196215	0	NA
196212	0	NA
196210	0	NA
196200	0	NA
196191	0	NA
196180	0	NA
196167	0	NA
196139	0	NA
196136	0	NA
196134	0	NA
196125	0	NA
196122	0	NA
196112	0	NA
196106	0	NA
196105	0	NA
196098	0	NA
196087	0	NA
196083	0	NA
196082	0	NA
196061	0	NA
196054	0	NA
196047	0	NA
196035	0	NA
195997	0	NA
195950	0	NA
195947	0	NA
195946	0	NA
195941	0	NA
195937	0	NA
195933	0	NA
195929	0	NA
195892	0	NA
195887	0	NA
195883	0	NA
195876	0	NA
195871	0	NA
195865	0	NA
195855	0	NA
195839	0	NA
195828	0	NA
195808	0	NA
195807	0	NA
195805	0	NA
195801	0	NA
195799	0	NA
195792	0	NA
195774	0	NA
195769	0	NA
195759	0	NA
195756	0	NA
195752	0	NA
195728	0	NA
195721	0	NA
195719	0	NA
195716	0	NA
195714	0	NA
195704	0	NA
195681	0	NA
195651	0	NA
195646	0	NA
195635	0	NA
195628	0	NA
195599	0	NA
195583	0	NA
195574	0	NA
195548	0	NA
195532	0	NA
195522	0	NA
195512	0	NA
195509	0	NA
195508	0	NA
195492	0	NA
195466	0	NA
195465	0	NA
195457	0	NA
195444	0	NA
195436	0	NA
195418	0	NA
195407	0	NA
195358	0	NA
195350	0	NA
195282	0	NA
195276	0	NA
195275	0	NA
195271	0	NA
195270	0	NA
195258	0	NA
195252	0	NA
195222	0	NA
195215	0	NA
195214	0	NA
195213	0	NA
195211	0	NA
195207	0	NA
195203	0	NA
195200	0	NA
195186	0	NA
195185	0	NA
195177	0	NA
195175	0	NA
195157	0	NA
195149	0	NA
195123	0	NA
195120	0	NA
195115	0	NA
195105	0	NA
195102	0	NA
195100	0	NA
195093	0	NA
195086	0	NA
195081	0	NA
195052	0	NA
195035	0	NA
195029	0	NA
195028	0	NA
195006	0	NA
195004	0	NA
194997	0	NA
194995	0	NA
194990	0	NA
194962	0	NA
194951	0	NA
194947	0	NA
194933	0	NA
194925	0	NA
194921	0	NA
194909	0	NA
194896	0	NA
194889	0	NA
194888	0	NA
194875	0	NA
194870	0	NA
194863	0	NA
194832	0	NA
194824	0	NA
194816	0	NA
194792	0	NA
194769	0	NA
194758	0	NA
194756	0	NA
194735	0	NA
194734	0	NA
194727	0	NA
194707	0	NA
194696	0	NA
194693	0	NA
194692	0	NA
194686	0	NA
194672	0	NA
194670	0	NA
194660	0	NA
194659	0	NA
194648	0	NA
194626	0	NA
194610	0	NA
194599	0	NA
194597	0	NA
194584	0	NA
194572	0	NA
194562	0	NA
194559	0	NA
194556	0	NA
194532	0	NA
194512	0	NA
194497	0	NA
194488	0	NA
194472	0	NA
194471	0	NA
194449	0	NA
194443	0	NA
194430	0	NA
194425	0	NA
194424	0	NA
194416	0	NA
194415	0	NA
194399	0	NA
194395	0	NA
194383	0	NA
194380	0	NA
194374	0	NA
194373	0	NA
194371	0	NA
194360	0	NA
194359	0	NA
194353	0	NA
194324	0	NA
194322	0	NA
194320	0	NA
194297	0	NA
194286	0	NA
194270	0	NA
194269	0	NA
194264	0	NA
194258	0	NA
194254	0	NA
194236	0	NA
194223	0	NA
194219	0	NA
194215	0	NA
194177	0	NA
194151	0	NA
194123	0	NA
194112	0	NA
194110	0	NA
194107	0	NA
194104	0	NA
194101	0	NA
194097	0	NA
194089	0	NA
194087	0	NA
194079	0	NA
194077	0	NA
194063	0	NA
194053	0	NA
194036	0	NA
194033	0	NA
194015	0	NA
194014	0	NA
194008	0	NA
194001	0	NA
193987	0	NA
193975	0	NA
193972	0	NA
193969	0	NA
193968	0	NA
193951	0	NA
193946	0	NA
193915	0	NA
193895	0	NA
193887	0	NA
193876	0	NA
193873	0	NA
193865	0	NA
193863	0	NA
193853	0	NA
193852	0	NA
193846	0	NA
193844	0	NA
193833	0	NA
193831	0	NA
193829	0	NA
193797	0	NA
193780	0	NA
193778	0	NA
193769	0	NA
193763	0	NA
193755	0	NA
193749	0	NA
193710	0	NA
193709	0	NA
193679	0	NA
193672	0	NA
193667	0	NA
193657	0	NA
193654	0	NA
193644	0	NA
193623	0	NA
193621	0	NA
193609	0	NA
193606	0	NA
193601	0	NA
193592	0	NA
193591	0	NA
193572	0	NA
193567	0	NA
193551	0	NA
193528	0	NA
193484	0	NA
193477	0	NA
193471	0	NA
193452	0	NA
193448	0	NA
193446	0	NA
193407	0	NA
193370	0	NA
193367	0	NA
193364	0	NA
193336	0	NA
193314	0	NA
193312	0	NA
193268	0	NA
193240	0	NA
193233	0	NA
193230	0	NA
193221	0	NA
193213	0	NA
193209	0	NA
193208	0	NA
193191	0	NA
193188	0	NA
193174	0	NA
193171	0	NA
193165	0	NA
193161	0	NA
193160	0	NA
193139	0	NA
193098	0	NA
193089	0	NA
193075	0	NA
193061	0	NA
193053	0	NA
193037	0	NA
193006	0	NA
192983	0	NA
192963	0	NA
192958	0	NA
192937	0	NA
192935	0	NA
192930	0	NA
192868	0	NA
192865	0	NA
192839	0	NA
192818	0	NA
192774	0	NA
192773	0	NA
192746	0	NA
192741	0	NA
192720	0	NA
192711	0	NA
192708	0	NA
192698	0	NA
192684	0	NA
192672	0	NA
192654	0	NA
192641	0	NA
192619	0	NA
192589	0	NA
192566	0	NA
192563	0	NA
192557	0	NA
192536	0	NA
192515	0	NA
192514	0	NA
192496	0	NA
192494	0	NA
192485	0	NA
192462	0	NA
192461	0	NA
192444	0	NA
192438	0	NA
192437	0	NA
192424	0	NA
192419	0	NA
192415	0	NA
192406	0	NA
192385	0	NA
192383	0	NA
192364	0	NA
192331	0	NA
192308	0	NA
192302	0	NA
192282	0	NA
192263	0	NA
192262	0	NA
192258	0	NA
192255	0	NA
192244	0	NA
192234	0	NA
192231	0	NA
192221	0	NA
192218	0	NA
192217	0	NA
192210	0	NA
192182	0	NA
192159	0	NA
192133	0	NA
192127	0	NA
192111	0	NA
192099	0	NA
192093	0	NA
192079	0	NA
192071	0	NA
192070	0	NA
192066	0	NA
192058	0	NA
192055	0	NA
192048	0	NA
192046	0	NA
192015	0	NA
192009	0	NA
191999	0	NA
191998	0	NA
191990	0	NA
191978	0	NA
191974	0	NA
191945	0	NA
191928	0	NA
191922	0	NA
191919	0	NA
191913	0	NA
191908	0	NA
191884	0	NA
191874	0	NA
191849	0	NA
191842	0	NA
191829	0	NA
191816	0	NA
191803	0	NA
191797	0	NA
191792	0	NA
191783	0	NA
191780	0	NA
191766	0	NA
191755	0	NA
191754	0	NA
191738	0	NA
191695	0	NA
191694	0	NA
191691	0	NA
191687	0	NA
191658	0	NA
191657	0	NA
191651	0	NA
191633	0	NA
191615	0	NA
191606	0	NA
191601	0	NA
191582	0	NA
191573	0	NA
191553	0	NA
191551	0	NA
191547	0	NA
191531	0	NA
191502	0	NA
191490	0	NA
191487	0	NA
191483	0	NA
191476	0	NA
191468	0	NA
191449	0	NA
191422	0	NA
191421	0	NA
191399	0	NA
191395	0	NA
191391	0	NA
191361	0	NA
191355	0	NA
191278	0	NA
191277	0	NA
191276	0	NA
191270	0	NA
191256	0	NA
191251	0	NA
191238	0	NA
191218	0	NA
191216	0	NA
191214	0	NA
191161	0	NA
191148	0	NA
191112	0	NA
191110	0	NA
191081	0	NA
191075	0	NA
191068	0	NA
191052	0	NA
191043	0	NA
191038	0	NA
190993	0	NA
190991	0	NA
190990	0	NA
190987	0	NA
190984	0	NA
190975	0	NA
190965	0	NA
190964	0	NA
190961	0	NA
190956	0	NA
190948	0	NA
190938	0	NA
190931	0	NA
190921	0	NA
190920	0	NA
190913	0	NA
190908	0	NA
190902	0	NA
190863	0	NA
190856	0	NA
190851	0	NA
190815	0	NA
190772	0	NA
190711	0	NA
190706	0	NA
190705	0	NA
190691	0	NA
190679	0	NA
190676	0	NA
190668	0	NA
190658	0	NA
190649	0	NA
190641	0	NA
190639	0	NA
190638	0	NA
190637	0	NA
190633	0	NA
190620	0	NA
190610	0	NA
190607	0	NA
190605	0	NA
190599	0	NA
190595	0	NA
190572	0	NA
190562	0	NA
190547	0	NA
190534	0	NA
190529	0	NA
190523	0	NA
190518	0	NA
190516	0	NA
190512	0	NA
190505	0	NA
190490	0	NA
190453	0	NA
190362	0	NA
190335	0	NA
190332	0	NA
190320	0	NA
190312	0	NA
190303	0	NA
190299	0	NA
190260	0	NA
190251	0	NA
190240	0	NA
190226	0	NA
190220	0	NA
190208	0	NA
190191	0	NA
190183	0	NA
190171	0	NA
190169	0	NA
190162	0	NA
190155	0	NA
190154	0	NA
190124	0	NA
190107	0	NA
190100	0	NA
190092	0	NA
190076	0	NA
190003	0	NA
189998	0	NA
189996	0	NA
189987	0	NA
189984	0	NA
189975	0	NA
189971	0	NA
189960	0	NA
189937	0	NA
189925	0	NA
189920	0	NA
189916	0	NA
189914	0	NA
189911	0	NA
189898	0	NA
189896	0	NA
189895	0	NA
189887	0	NA
189878	0	NA
189860	0	NA
189855	0	NA
189838	0	NA
189820	0	NA
189817	0	NA
189816	0	NA
189812	0	NA
189797	0	NA
189760	0	NA
189755	0	NA
189754	0	NA
189733	0	NA
189708	0	NA
189698	0	NA
189684	0	NA
189667	0	NA
189651	0	NA
189648	0	NA
189645	0	NA
189626	0	NA
189624	0	NA
189610	0	NA
189588	0	NA
189571	0	NA
189559	0	NA
189548	0	NA
189539	0	NA
189517	0	NA
189503	0	NA
189478	0	NA
189459	0	NA
189450	0	NA
189445	0	NA
189411	0	NA
189403	0	NA
189396	0	NA
189387	0	NA
189381	0	NA
189356	0	NA
189334	0	NA
189312	0	NA
189309	0	NA
189296	0	NA
189292	0	NA
189282	0	NA
189271	0	NA
189260	0	NA
189248	0	NA
189235	0	NA
189208	0	NA
189176	0	NA
189150	0	NA
189147	0	NA
189142	0	NA
189138	0	NA
189116	0	NA
189110	0	NA
189092	0	NA
189090	0	NA
189085	0	NA
189083	0	NA
189081	0	NA
189076	0	NA
189064	0	NA
189057	0	NA
189053	0	NA
189045	0	NA
189011	0	NA
188997	0	NA
188974	0	NA
188971	0	NA
188945	0	NA
188935	0	NA
188931	0	NA
188918	0	NA
188887	0	NA
188881	0	NA
188872	0	NA
188847	0	NA
188840	0	NA
188820	0	NA
188818	0	NA
188811	0	NA
188789	0	NA
188764	0	NA
188753	0	NA
188749	0	NA
188747	0	NA
188735	0	NA
188725	0	NA
188707	0	NA
188700	0	NA
188694	0	NA
188690	0	NA
188676	0	NA
188675	0	NA
188674	0	NA
188659	0	NA
188658	0	NA
188648	0	NA
188646	0	NA
188610	0	NA
188598	0	NA
188596	0	NA
188591	0	NA
188574	0	NA
188556	0	NA
188454	0	NA
188433	0	NA
188399	0	NA
188348	0	NA
188329	0	NA
188328	0	NA
188321	0	NA
188317	0	NA
188316	0	NA
188315	0	NA
188308	0	NA
188293	0	NA
188289	0	NA
188282	0	NA
188276	0	NA
188262	0	NA
188259	0	NA
188234	0	NA
188225	0	NA
188213	0	NA
188199	0	NA
188194	0	NA
188192	0	NA
188165	0	NA
188127	0	NA
188126	0	NA
188113	0	NA
188099	0	NA
188098	0	NA
188079	0	NA
188077	0	NA
188054	0	NA
188047	0	NA
188037	0	NA
188023	0	NA
188018	0	NA
188007	0	NA
188001	0	NA
187980	0	NA
187973	0	NA
187962	0	NA
187956	0	NA
187952	0	NA
187946	0	NA
187945	0	NA
187932	0	NA
187917	0	NA
187891	0	NA
187883	0	NA
187868	0	NA
187841	0	NA
187837	0	NA
187816	0	NA
187812	0	NA
187782	0	NA
187780	0	NA
187747	0	NA
187736	0	NA
187720	0	NA
187709	0	NA
187706	0	NA
187702	0	NA
187668	0	NA
187651	0	NA
187607	0	NA
187604	0	NA
187582	0	NA
187572	0	NA
187569	0	NA
187533	0	NA
187518	0	NA
187517	0	NA
187511	0	NA
187505	0	NA
187504	0	NA
187489	0	NA
187470	0	NA
187469	0	NA
187466	0	NA
187460	0	NA
187447	0	NA
187429	0	NA
187409	0	NA
187404	0	NA
187401	0	NA
187400	0	NA
187389	0	NA
187386	0	NA
187385	0	NA
187384	0	NA
187356	0	NA
187355	0	NA
187272	0	NA
187271	0	NA
187267	0	NA
187265	0	NA
187264	0	NA
187256	0	NA
187251	0	NA
187233	0	NA
187225	0	NA
187219	0	NA
187212	0	NA
187210	0	NA
187186	0	NA
187181	0	NA
187180	0	NA
187179	0	NA
187178	0	NA
187150	0	NA
187126	0	NA
187123	0	NA
187121	0	NA
187112	0	NA
187099	0	NA
187081	0	NA
187077	0	NA
187053	0	NA
187050	0	NA
187038	0	NA
187035	0	NA
187034	0	NA
187008	0	NA
187002	0	NA
187000	0	NA
186997	0	NA
186996	0	NA
186981	0	NA
186974	0	NA
186969	0	NA
186968	0	NA
186956	0	NA
186913	0	NA
186906	0	NA
186888	0	NA
186883	0	NA
186881	0	NA
186872	0	NA
186851	0	NA
186841	0	NA
186831	0	NA
186812	0	NA
186804	0	NA
186780	0	NA
186772	0	NA
186748	0	NA
186732	0	NA
186731	0	NA
186723	0	NA
186687	0	NA
186640	0	NA
186624	0	NA
186614	0	NA
186610	0	NA
186606	0	NA
186596	0	NA
186559	0	NA
186549	0	NA
186521	0	NA
186471	0	NA
186468	0	NA
186452	0	NA
186448	0	NA
186430	0	NA
186392	0	NA
186385	0	NA
186358	0	NA
186352	0	NA
186350	0	NA
186328	0	NA
186289	0	NA
186272	0	NA
186263	0	NA
186262	0	NA
186259	0	NA
186255	0	NA
186248	0	NA
186238	0	NA
186233	0	NA
186174	0	NA
186168	0	NA
186161	0	NA
186143	0	NA
186136	0	NA
186134	0	NA
186133	0	NA
186130	0	NA
186118	0	NA
186105	0	NA
186090	0	NA
186081	0	NA
186077	0	NA
186061	0	NA
186057	0	NA
186049	0	NA
186030	0	NA
186022	0	NA
186020	0	NA
186011	0	NA
185995	0	NA
185988	0	NA
185969	0	NA
185961	0	NA
185952	0	NA
185951	0	NA
185949	0	NA
185936	0	NA
185915	0	NA
185888	0	NA
185884	0	NA
185864	0	NA
185861	0	NA
185859	0	NA
185840	0	NA
185836	0	NA
185834	0	NA
185824	0	NA
185822	0	NA
185821	0	NA
185812	0	NA
185805	0	NA
185802	0	NA
185787	0	NA
185765	0	NA
185763	0	NA
185759	0	NA
185753	0	NA
185745	0	NA
185734	0	NA
185730	0	NA
185724	0	NA
185722	0	NA
185715	0	NA
185711	0	NA
185668	0	NA
185667	0	NA
185659	0	NA
185652	0	NA
185631	0	NA
185610	0	NA
185607	0	NA
185604	0	NA
185597	0	NA
185594	0	NA
185593	0	NA
185588	0	NA
185583	0	NA
185575	0	NA
185570	0	NA
185568	0	NA
185563	0	NA
185531	0	NA
185516	0	NA
185506	0	NA
185505	0	NA
185502	0	NA
185428	0	NA
185420	0	NA
185411	0	NA
185392	0	NA
185391	0	NA
185390	0	NA
185374	0	NA
185354	0	NA
185324	0	NA
185312	0	NA
185286	0	NA
185262	0	NA
185244	0	NA
185240	0	NA
185235	0	NA
185232	0	NA
185203	0	NA
185192	0	NA
185186	0	NA
185175	0	NA
185165	0	NA
185164	0	NA
185159	0	NA
185141	0	NA
185136	0	NA
185113	0	NA
185059	0	NA
185046	0	NA
185042	0	NA
185036	0	NA
185034	0	NA
184996	0	NA
184991	0	NA
184984	0	NA
184983	0	NA
184980	0	NA
184971	0	NA
184925	0	NA
184922	0	NA
184910	0	NA
184882	0	NA
184876	0	NA
184864	0	NA
184850	0	NA
184845	0	NA
184833	0	NA
184830	0	NA
184821	0	NA
184805	0	NA
184803	0	NA
184795	0	NA
184770	0	NA
184760	0	NA
184729	0	NA
184725	0	NA
184678	0	NA
184656	0	NA
184647	0	NA
184610	0	NA
184592	0	NA
184573	0	NA
184570	0	NA
184567	0	NA
184561	0	NA
184553	0	NA
184534	0	NA
184512	0	NA
184511	0	NA
184497	0	NA
184494	0	NA
184492	0	NA
184465	0	NA
184464	0	NA
184440	0	NA
184420	0	NA
184394	0	NA
184391	0	NA
184387	0	NA
184386	0	NA
184381	0	NA
184349	0	NA
184342	0	NA
184320	0	NA
184314	0	NA
184309	0	NA
184287	0	NA
184285	0	NA
184282	0	NA
184249	0	NA
184248	0	NA
184238	0	NA
184234	0	NA
184214	0	NA
184211	0	NA
184209	0	NA
184175	0	NA
184174	0	NA
184160	0	NA
184142	0	NA
184126	0	NA
184120	0	NA
184083	0	NA
184046	0	NA
184036	0	NA
184013	0	NA
184009	0	NA
183988	0	NA
183973	0	NA
183971	0	NA
183969	0	NA
183967	0	NA
183954	0	NA
183925	0	NA
183903	0	NA
183886	0	NA
183885	0	NA
183873	0	NA
183870	0	NA
183865	0	NA
183864	0	NA
183857	0	NA
183855	0	NA
183849	0	NA
183845	0	NA
183829	0	NA
183827	0	NA
183824	0	NA
183817	0	NA
183815	0	NA
183804	0	NA
183799	0	NA
183792	0	NA
183783	0	NA
183781	0	NA
183780	0	NA
183748	0	NA
183734	0	NA
183720	0	NA
183715	0	NA
183708	0	NA
183691	0	NA
183686	0	NA
183676	0	NA
183662	0	NA
183656	0	NA
183653	0	NA
183650	0	NA
183626	0	NA
183620	0	NA
183603	0	NA
183592	0	NA
183585	0	NA
183579	0	NA
183573	0	NA
183572	0	NA
183556	0	NA
183544	0	NA
183517	0	NA
183496	0	NA
183495	0	NA
183469	0	NA
183460	0	NA
183457	0	NA
183439	0	NA
183425	0	NA
183401	0	NA
183395	0	NA
183385	0	NA
183340	0	NA
183328	0	NA
183287	0	NA
183267	0	NA
183252	0	NA
183245	0	NA
183224	0	NA
183220	0	NA
183207	0	NA
183201	0	NA
183162	0	NA
183158	0	NA
183157	0	NA
183147	0	NA
183145	0	NA
183144	0	NA
183137	0	NA
183116	0	NA
183106	0	NA
183104	0	NA
183093	0	NA
183089	0	NA
183087	0	NA
183075	0	NA
183064	0	NA
183062	0	NA
183057	0	NA
183054	0	NA
183049	0	NA
183048	0	NA
183044	0	NA
183043	0	NA
183039	0	NA
183030	0	NA
183006	0	NA
182989	0	NA
182986	0	NA
182980	0	NA
182947	0	NA
182940	0	NA
182920	0	NA
182911	0	NA
182903	0	NA
182891	0	NA
182889	0	NA
182886	0	NA
182882	0	NA
182874	0	NA
182861	0	NA
182854	0	NA
182797	0	NA
182771	0	NA
182766	0	NA
182762	0	NA
182756	0	NA
182753	0	NA
182729	0	NA
182708	0	NA
182702	0	NA
182668	0	NA
182653	0	NA
182647	0	NA
182643	0	NA
182613	0	NA
182609	0	NA
182603	0	NA
182595	0	NA
182560	0	NA
182545	0	NA
182522	0	NA
182517	0	NA
182506	0	NA
182497	0	NA
182491	0	NA
182483	0	NA
182469	0	NA
182463	0	NA
182456	0	NA
182428	0	NA
182416	0	NA
182413	0	NA
182383	0	NA
182343	0	NA
182331	0	NA
182321	0	NA
182317	0	NA
182287	0	NA
182274	0	NA
182271	0	NA
182264	0	NA
182255	0	NA
182244	0	NA
182243	0	NA
182233	0	NA
182196	0	NA
182188	0	NA
182186	0	NA
182184	0	NA
182176	0	NA
182167	0	NA
182165	0	NA
182163	0	NA
182157	0	NA
182133	0	NA
182118	0	NA
182117	0	NA
182116	0	NA
182089	0	NA
182079	0	NA
182075	0	NA
182073	0	NA
182065	0	NA
182062	0	NA
182054	0	NA
182052	0	NA
182044	0	NA
182037	0	NA
182036	0	NA
182034	0	NA
182030	0	NA
182010	0	NA
182008	0	NA
181990	0	NA
181985	0	NA
181969	0	NA
181961	0	NA
181960	0	NA
181953	0	NA
181931	0	NA
181918	0	NA
181914	0	NA
181903	0	NA
181899	0	NA
181890	0	NA
181882	0	NA
181880	0	NA
181871	0	NA
181862	0	NA
181860	0	NA
181858	0	NA
181853	0	NA
181844	0	NA
181834	0	NA
181833	0	NA
181828	0	NA
181827	0	NA
181826	0	NA
181792	0	NA
181791	0	NA
181768	0	NA
181759	0	NA
181754	0	NA
181744	0	NA
181698	0	NA
181670	0	NA
181633	0	NA
181611	0	NA
181603	0	NA
181575	0	NA
181572	0	NA
181566	0	NA
181560	0	NA
181543	0	NA
181539	0	NA
181537	0	NA
181485	0	NA
181467	0	NA
181437	0	NA
181432	0	NA
181422	0	NA
181421	0	NA
181367	0	NA
181348	0	NA
181342	0	NA
181336	0	NA
181335	0	NA
181333	0	NA
181330	0	NA
181329	0	NA
181269	0	NA
181265	0	NA
181254	0	NA
181240	0	NA
181236	0	NA
181234	0	NA
181226	0	NA
181221	0	NA
181204	0	NA
181193	0	NA
181174	0	NA
181170	0	NA
181167	0	NA
181165	0	NA
181140	0	NA
181139	0	NA
181083	0	NA
181074	0	NA
181062	0	NA
181059	0	NA
181056	0	NA
181036	0	NA
181035	0	NA
181016	0	NA
181008	0	NA
181003	0	NA
180995	0	NA
180982	0	NA
180975	0	NA
180974	0	NA
180941	0	NA
180927	0	NA
180905	0	NA
180898	0	NA
180881	0	NA
180878	0	NA
180874	0	NA
180857	0	NA
180834	0	NA
180826	0	NA
180806	0	NA
180801	0	NA
180795	0	NA
180785	0	NA
180781	0	NA
180771	0	NA
180754	0	NA
180738	0	NA
180736	0	NA
180721	0	NA
180708	0	NA
180707	0	NA
180687	0	NA
180681	0	NA
180674	0	NA
180665	0	NA
180661	0	NA
180659	0	NA
180658	0	NA
180654	0	NA
180638	0	NA
180637	0	NA
180633	0	NA
180629	0	NA
180615	0	NA
180610	0	NA
180585	0	NA
180577	0	NA
180572	0	NA
180556	0	NA
180555	0	NA
180553	0	NA
180529	0	NA
180509	0	NA
180462	0	NA
180450	0	NA
180446	0	NA
180421	0	NA
180414	0	NA
180402	0	NA
180386	0	NA
180366	0	NA
180341	0	NA
180312	0	NA
180307	0	NA
180285	0	NA
180235	0	NA
180227	0	NA
180215	0	NA
180190	0	NA
180182	0	NA
180179	0	NA
180171	0	NA
180155	0	NA
180136	0	NA
180133	0	NA
180130	0	NA
180121	0	NA
180120	0	NA
180119	0	NA
180107	0	NA
180090	0	NA
180067	0	NA
180045	0	NA
180042	0	NA
180009	0	NA
179989	0	NA
179961	0	NA
179911	0	NA
179866	0	NA
179865	0	NA
179864	0	NA
179847	0	NA
179841	0	NA
179834	0	NA
179826	0	NA
179815	0	NA
179814	0	NA
179812	0	NA
179807	0	NA
179806	0	NA
179796	0	NA
179785	0	NA
179760	0	NA
179744	0	NA
179734	0	NA
179727	0	NA
179720	0	NA
179715	0	NA
179686	0	NA
179677	0	NA
179663	0	NA
179662	0	NA
179657	0	NA
179647	0	NA
179637	0	NA
179623	0	NA
179620	0	NA
179601	0	NA
179593	0	NA
179585	0	NA
179583	0	NA
179576	0	NA
179573	0	NA
179572	0	NA
179563	0	NA
179551	0	NA
179549	0	NA
179536	0	NA
179526	0	NA
179508	0	NA
179487	0	NA
179486	0	NA
179482	0	NA
179473	0	NA
179472	0	NA
179460	0	NA
179449	0	NA
179435	0	NA
179425	0	NA
179423	0	NA
179414	0	NA
179408	0	NA
179402	0	NA
179400	0	NA
179392	0	NA
179390	0	NA
179384	0	NA
179354	0	NA
179350	0	NA
179325	0	NA
179319	0	NA
179291	0	NA
179290	0	NA
179279	0	NA
179273	0	NA
179267	0	NA
179215	0	NA
179209	0	NA
179201	0	NA
179186	0	NA
179157	0	NA
179151	0	NA
179149	0	NA
179137	0	NA
179124	0	NA
179116	0	NA
179107	0	NA
179067	0	NA
179055	0	NA
179018	0	NA
179014	0	NA
178991	0	NA
178984	0	NA
178980	0	NA
178977	0	NA
178972	0	NA
178965	0	NA
178954	0	NA
178920	0	NA
178904	0	NA
178893	0	NA
178888	0	NA
178885	0	NA
178882	0	NA
178859	0	NA
178852	0	NA
178849	0	NA
178845	0	NA
178843	0	NA
178822	0	NA
178810	0	NA
178809	0	NA
178773	0	NA
178767	0	NA
178766	0	NA
178763	0	NA
178762	0	NA
178759	0	NA
178751	0	NA
178738	0	NA
178725	0	NA
178713	0	NA
178712	0	NA
178708	0	NA
178701	0	NA
178699	0	NA
178686	0	NA
178682	0	NA
178675	0	NA
178664	0	NA
178642	0	NA
178629	0	NA
178627	0	NA
178621	0	NA
178616	0	NA
178612	0	NA
178608	0	NA
178607	0	NA
178584	0	NA
178571	0	NA
178559	0	NA
178537	0	NA
178517	0	NA
178513	0	NA
178491	0	NA
178485	0	NA
178478	0	NA
178452	0	NA
178447	0	NA
178439	0	NA
178386	0	NA
178370	0	NA
178331	0	NA
178322	0	NA
178304	0	NA
178299	0	NA
178296	0	NA
178253	0	NA
178242	0	NA
178217	0	NA
178213	0	NA
178206	0	NA
178205	0	NA
178184	0	NA
178183	0	NA
178151	0	NA
178148	0	NA
178146	0	NA
178142	0	NA
178122	0	NA
178082	0	NA
178081	0	NA
178078	0	NA
178064	0	NA
178056	0	NA
178042	0	NA
178022	0	NA
178018	0	NA
178016	0	NA
177987	0	NA
177986	0	NA
177979	0	NA
177913	0	NA
177910	0	NA
177905	0	NA
177902	0	NA
177893	0	NA
177878	0	NA
177859	0	NA
177838	0	NA
177828	0	NA
177820	0	NA
177800	0	NA
177792	0	NA
177775	0	NA
177760	0	NA
177758	0	NA
177754	0	NA
177742	0	NA
177740	0	NA
177732	0	NA
177731	0	NA
177704	0	NA
177697	0	NA
177695	0	NA
177679	0	NA
177677	0	NA
177663	0	NA
177660	0	NA
177626	0	NA
177623	0	NA
177617	0	NA
177593	0	NA
177586	0	NA
177574	0	NA
177567	0	NA
177530	0	NA
177520	0	NA
177518	0	NA
177515	0	NA
177503	0	NA
177493	0	NA
177484	0	NA
177466	0	NA
177463	0	NA
177446	0	NA
177421	0	NA
177403	0	NA
177379	0	NA
177360	0	NA
177359	0	NA
177349	0	NA
177343	0	NA
177342	0	NA
177319	0	NA
177310	0	NA
177305	0	NA
177237	0	NA
177230	0	NA
177224	0	NA
177217	0	NA
177207	0	NA
177175	0	NA
177172	0	NA
177153	0	NA
177150	0	NA
177137	0	NA
177134	0	NA
177113	0	NA
177111	0	NA
177109	0	NA
177101	0	NA
177081	0	NA
177070	0	NA
177062	0	NA
177061	0	NA
177060	0	NA
177058	0	NA
177055	0	NA
177037	0	NA
177031	0	NA
177024	0	NA
177005	0	NA
177001	0	NA
176980	0	NA
176974	0	NA
176890	0	NA
176885	0	NA
176881	0	NA
176828	0	NA
176808	0	NA
176785	0	NA
176775	0	NA
176765	0	NA
176753	0	NA
176752	0	NA
176735	0	NA
176726	0	NA
176722	0	NA
176704	0	NA
176703	0	NA
176690	0	NA
176666	0	NA
176664	0	NA
176646	0	NA
176645	0	NA
176617	0	NA
176593	0	NA
176566	0	NA
176565	0	NA
176564	0	NA
176544	0	NA
176507	0	NA
176401	0	NA
176399	0	NA
176346	0	NA
176337	0	NA
176332	0	NA
176327	0	NA
176323	0	NA
176321	0	NA
176312	0	NA
176306	0	NA
176297	0	NA
176282	0	NA
176244	0	NA
176230	0	NA
176225	0	NA
176204	0	NA
176201	0	NA
176197	0	NA
176192	0	NA
176178	0	NA
176171	0	NA
176167	0	NA
176157	0	NA
176151	0	NA
176123	0	NA
176115	0	NA
176104	0	NA
176094	0	NA
176080	0	NA
176077	0	NA
176071	0	NA
176067	0	NA
176062	0	NA
176060	0	NA
176057	0	NA
176034	0	NA
176008	0	NA
175978	0	NA
175967	0	NA
175963	0	NA
175962	0	NA
175960	0	NA
175955	0	NA
175942	0	NA
175929	0	NA
175922	0	NA
175909	0	NA
175846	0	NA
175844	0	NA
175836	0	NA
175828	0	NA
175789	0	NA
175754	0	NA
175751	0	NA
175750	0	NA
175741	0	NA
175729	0	NA
175717	0	NA
175712	0	NA
175708	0	NA
175704	0	NA
175703	0	NA
175698	0	NA
175685	0	NA
175650	0	NA
175646	0	NA
175642	0	NA
175633	0	NA
175619	0	NA
175617	0	NA
175612	0	NA
175585	0	NA
175570	0	NA
175560	0	NA
175551	0	NA
175550	0	NA
175535	0	NA
175518	0	NA
175509	0	NA
175491	0	NA
175485	0	NA
175474	0	NA
175445	0	NA
175441	0	NA
175391	0	NA
175376	0	NA
175375	0	NA
175373	0	NA
175336	0	NA
175335	0	NA
175308	0	NA
175298	0	NA
175280	0	NA
175279	0	NA
175264	0	NA
175261	0	NA
175241	0	NA
175232	0	NA
175222	0	NA
175198	0	NA
175180	0	NA
175175	0	NA
175168	0	NA
175145	0	NA
175099	0	NA
175050	0	NA
175037	0	NA
175036	0	NA
175007	0	NA
174998	0	NA
174978	0	NA
174960	0	NA
174958	0	NA
174952	0	NA
174950	0	NA
174924	0	NA
174885	0	NA
174869	0	NA
174862	0	NA
174850	0	NA
174842	0	NA
174840	0	NA
174818	0	NA
174801	0	NA
174792	0	NA
174763	0	NA
174749	0	NA
174740	0	NA
174738	0	NA
174730	0	NA
174695	0	NA
174694	0	NA
174688	0	NA
174680	0	NA
174675	0	NA
174672	0	NA
174654	0	NA
174646	0	NA
174625	0	NA
174614	0	NA
174613	0	NA
174607	0	NA
174589	0	NA
174545	0	NA
174532	0	NA
174519	0	NA
174497	0	NA
174496	0	NA
174493	0	NA
174489	0	NA
174487	0	NA
174473	0	NA
174439	0	NA
174415	0	NA
174365	0	NA
174361	0	NA
174360	0	NA
174356	0	NA
174337	0	NA
174332	0	NA
174323	0	NA
174304	0	NA
174300	0	NA
174280	0	NA
174279	0	NA
174278	0	NA
174270	0	NA
174163	0	NA
174153	0	NA
174147	0	NA
174143	0	NA
174138	0	NA
174078	0	NA
174044	0	NA
174041	0	NA
174036	0	NA
174033	0	NA
174019	0	NA
174016	0	NA
174009	0	NA
173996	0	NA
173986	0	NA
173945	0	NA
173942	0	NA
173927	0	NA
173920	0	NA
173883	0	NA
173876	0	NA
173874	0	NA
173869	0	NA
173863	0	NA
173824	0	NA
173817	0	NA
173811	0	NA
173810	0	NA
173773	0	NA
173744	0	NA
173726	0	NA
173654	0	NA
173565	0	NA
173245	0	NA
173192	0	NA
173135	0	NA
172878	0	NA
172777	0	NA
172403	0	NA
172296	0	NA
172233	0	NA
172163	0	NA
172081	0	NA
171681	0	NA
171607	0	NA
171559	0	NA
171547	0	NA
171480	0	NA
171437	0	NA
171322	0	NA
171217	0	NA
171184	0	NA
170798	0	NA
170652	0	NA
170462	0	NA
170387	0	NA
169600	0	NA
169515	0	NA
169428	0	NA
169182	0	NA
168716	0	NA
168625	0	NA
168583	0	NA
168571	0	NA
168509	0	NA
168439	0	NA
168415	0	NA
168260	0	NA
168071	0	NA
167950	0	NA
167882	0	NA
167646	0	NA
167502	0	NA
167468	0	NA
167373	0	NA
167256	0	NA
166869	0	NA
166848	0	NA
166692	0	NA
166689	0	NA
166355	0	NA
166226	0	NA
166164	0	NA
165935	0	NA
165928	0	NA
165924	0	NA
165591	0	NA
165489	0	NA
165346	0	NA
165257	0	NA
164967	0	NA
164744	0	NA
164259	0	NA
164088	0	NA
163857	0	NA
163494	0	NA
163243	0	NA
162730	0	NA
162623	0	NA
162491	0	NA
162430	0	NA
162294	0	NA
161946	0	NA
161902	0	NA
161423	0	NA
161109	0	NA
161007	0	NA
160750	0	NA
160178	0	NA
159007	0	NA
158963	0	NA
158950	0	NA
158908	0	NA
158855	0	NA
158850	0	NA
158836	0	NA
158775	0	NA
158771	0	NA
158719	0	NA
158682	0	NA
158649	0	NA
158625	0	NA
158611	0	NA
158563	0	NA
158458	0	NA
158440	0	NA
158423	0	NA
158404	0	NA
158321	0	NA
158310	0	NA
158297	0	NA
158222	0	NA
158217	0	NA
158215	0	NA
158183	0	NA
158113	0	NA
158027	0	NA
157966	0	NA
157905	0	NA
157894	0	NA
157748	0	NA
157652	0	NA
157631	0	NA
157573	0	NA
157546	0	NA
157479	0	NA
157455	0	NA
157453	0	NA
157424	0	NA
157382	0	NA
157377	0	NA
157338	0	NA
157327	0	NA
157298	0	NA
157286	0	NA
157246	0	NA
157201	0	NA
157193	0	NA
157162	0	NA
157081	0	NA
157054	0	NA
157033	0	NA
157017	0	NA
156505	0	NA
154850	0	NA
153341	0	NA
153075	0	NA
152859	0	NA
152612	0	NA
152278	0	NA
151623	0	NA
150412	0	NA
149909	0	NA
149749	0	NA
149614	0	NA
149437	0	NA
149335	0	NA
148987	0	NA
148925	0	NA
148279	0	NA
148121	0	NA
147981	0	NA
147969	0	NA
147702	0	NA
147678	0	NA
147484	0	NA
147195	0	NA
147100	0	NA
146586	0	NA
146564	0	NA
146554	0	NA
146314	0	NA
146086	0	NA
145883	0	NA
145801	0	NA
145765	0	NA
145735	0	NA
145401	0	NA
145304	0	NA
145236	0	NA
143423	0	NA
141145	0	NA
139321	0	NA
137580	0	NA
137451	0	NA
136507	0	NA
135956	0	NA
134786	0	NA
134517	0	NA
132929	0	NA
132829	0	NA
132784	0	NA
132041	0	NA
130763	0	NA
130663	0	NA
130289	0	NA
130103	0	NA
130048	0	NA
129401	0	NA
128297	0	NA
128227	0	NA
128205	0	NA
125624	0	NA
125270	0	NA
124906	0	NA
122049	0	NA
121873	0	NA
119010	0	NA
116529	0	NA
115012	0	NA
114821	0	NA
114510	0	NA
114400	0	NA
114348	0	NA
114000	0	NA
113919	0	NA
113909	0	NA
113761	0	NA
113581	0	NA
113542	0	NA
113515	0	NA
113430	0	NA
113417	0	NA
113397	0	NA
113069	0	NA
113041	0	NA
113003	0	NA
112931	0	NA
112894	0	NA
112891	0	NA
112842	0	NA
112720	0	NA
112382	0	NA
112105	0	NA
111771	0	NA
111446	0	NA
111364	0	NA
111313	0	NA
111277	0	NA
111135	0	NA
110842	0	NA
110836	0	NA
110725	0	NA
110723	0	NA
110660	0	NA
110562	0	NA
110458	0	NA
110457	0	NA
110296	0	NA
110221	0	NA
110192	0	NA
110144	0	NA
110128	0	NA
110060	0	NA
110059	0	NA
109914	0	NA
109777	0	NA
109633	0	NA
109413	0	NA
108729	0	NA
107098	0	NA
105976	0	NA
105964	0	NA
105440	0	NA
105409	0	NA
105109	0	NA
104394	0	NA
104044	0	NA
103730	0	NA
102471	0	NA
102049	0	NA
100567	0	NA
100497	0	NA
99891	0	NA
99175	0	NA
97263	0	NA
97000	0	NA
95503	0	NA
95502	0	NA
92231	0	NA
91962	0	NA
91557	0	NA
91008	0	NA
86170	0	NA
77514	0	NA
77458	0	NA
77371	0	NA
73875	0	NA
73371	0	NA
72820	0	NA
72481	0	NA
72420	0	NA
71331	0	NA
70580	0	NA
70461	0	NA
69933	0	NA
68845	0	NA
68844	0	NA
68841	0	NA
66186	0	NA
64384	0	NA
60332	0	NA
59563	0	NA
54730	0	NA
54563	0	NA
52624	0	NA
52166	0	NA
50779	0	NA
50530	0	NA
50208	0	NA
49088	0	NA
48899	0	NA
46910	0	NA
45610	0	NA
45365	0	NA
45363	0	NA
45296	0	NA
44151	0	NA
43950	0	NA
42839	0	NA
42395	0	NA
42372	0	NA
41229	0	NA
40149	0	NA
38344	0	NA
36892	0	NA
36378	0	NA
35786	0	NA
34789	0	NA
34413	0	NA
33112	0	NA
29625	0	NA
28914	0	NA
28702	0	NA
28109	0	NA
25947	0	NA
25695	0	NA
25534	0	NA
25005	0	NA
24546	0	NA
22352	0	NA
20799	0	NA
19611	0	NA
19080	0	NA
18619	0	NA
17859	0	NA
17822	0	NA
17598	0	NA
17311	0	NA
16340	0	NA
16054	0	NA
16002	0	NA
15728	0	NA
15700	0	NA
15571	0	NA
15564	0	NA
15441	0	NA
15366	0	NA
15202	0	NA
14288	0	NA
14124	0	NA
13995	0	NA
13994	0	NA
13986	0	NA
13811	0	NA
9710	0	NA
9665	0	NA
9510	0	NA
1992	0	NA
1503693	0	NA
1504042	0	NA
1508541	0	NA
1523543	0	NA
692756	0	NA
1531298	0	NA
840376	0	NA
1542014	0	NA
1544606	0	NA
1550603	0	NA
1551841	0	NA
1566189	0	NA
1017263	0	NA
977628	0	NA
1569569	0	NA
757622	0	NA
657491	0	NA
1579962	0	NA
1584173	0	NA
1586645	0	NA
1594232	0	NA
1599042	0	NA
1601633	0	NA
1602307	0	NA
1602314	0	NA
1602805	0	NA
1607319	0	NA
1611482	0	NA
1614788	0	NA
1624030	0	NA
1624383	0	NA
1624481	0	NA
1625448	0	NA
1628708	0	NA
1630017	0	NA
1147868	0	NA
1646171	0	NA
1654474	0	NA
1654477	0	NA
1654480	0	NA
1656581	0	NA
1656781	0	NA
1657484	0	NA
1663575	0	NA
1109860	0	NA
1666677	0	NA
1134376	0	NA
1135364	0	NA
1677528	0	NA
828333	0	NA
701462	0	NA
1694319	0	NA
1696607	0	NA
1701964	0	NA
849535	0	NA
1703712	0	NA
1712722	0	NA
1713225	0	NA
1719314	0	NA
1721299	0	NA
1726408	0	NA
836693	0	NA
838685	0	NA
660199	0	NA
1736067	0	NA
1740161	0	NA
1740283	0	NA
1742070	0	NA
1747203	0	NA
1749079	0	NA
1756253	0	NA
1122011	0	NA
1758401	0	NA
1763286	0	NA
1764594	0	NA
1768385	0	NA
1769960	0	NA
617098	0	NA
747563	0	NA
950606	0	NA
1784461	0	NA
1122673	0	NA
1790209	0	NA
1803030	0	NA
994219	0	NA
1805553	0	NA
1809696	0	NA
1811208	0	NA
1813954	0	NA
1815717	0	NA
1817731	0	NA
1825542	0	NA
1828413	0	NA
1830364	0	NA
1835779	0	NA
1835985	0	NA
1836848	0	NA
1839271	0	NA
1848900	0	NA
1855954	0	NA
1856435	0	NA
1860111	0	NA
1860112	0	NA
1861639	0	NA
1868703	0	NA
1869566	0	NA
1870411	0	NA
903686	0	NA
1877675	0	NA
1877831	0	NA
1880021	0	NA
1889556	0	NA
1895780	0	NA
1896700	0	NA
847427	0	NA
1904161	0	NA
1904497	0	NA
1904686	0	NA
1906483	0	NA
1908049	0	NA
755148	0	NA
1910658	0	NA
724120	0	NA
1914811	0	NA
1917420	0	NA
1918384	0	NA
1918929	0	NA
1919007	0	NA
1922093	0	NA
848915	0	NA
1924689	0	NA
1928156	0	NA
1943669	0	NA
1944498	0	NA
1945397	0	NA
1950496	0	NA
667010	0	NA
709056	0	NA
1959881	0	NA
1960569	0	NA
1972262	0	NA
1974536	0	NA
763985	0	NA
1978955	0	NA
1131759	0	NA
1983368	0	NA
1986324	0	NA
1986406	0	NA
1132942	0	NA
1066830	0	NA
2018038	0	NA
2024346	0	NA
2029459	0	NA
2034070	0	NA
2035344	0	NA
2036135	0	NA
2037235	0	NA
2038446	0	NA
2046330	0	NA
1021043	0	NA
2051184	0	NA
2058521	0	NA
2061739	0	NA
2063400	0	NA
2064265	0	NA
2065341	0	NA
2066056	0	NA
2066374	0	NA
2066505	0	NA
2066542	0	NA
2072645	0	NA
2075910	0	NA
847670	0	NA
2084364	0	NA
885437	0	NA
2101287	0	NA
846127	0	NA
2108562	0	NA
2110315	0	NA
668514	0	NA
619140	0	NA
2119418	0	NA
2122726	0	NA
2123717	0	NA
2123719	0	NA
839964	0	NA
2124531	0	NA
2128805	0	NA
2128807	0	NA
1052152	0	NA
2132002	0	NA
2134134	0	NA
2136916	0	NA
2137001	0	NA
2137906	0	NA
2148689	0	NA
2157225	0	NA
2160415	0	NA
997267	0	NA
2167404	0	NA
2167415	0	NA
2170526	0	NA
989990	0	NA
2182669	0	NA
2183213	0	NA
2185268	0	NA
798581	0	NA
710432	0	NA
2190100	0	NA
1105984	0	NA
2196877	0	NA
2196986	0	NA
2198356	0	NA
2200896	0	NA
2201955	0	NA
2210025	0	NA
2210028	0	NA
2220496	0	NA
2223978	0	NA
2229500	0	NA
2230862	0	NA
840279	0	NA
2233608	0	NA
2237211	0	NA
2243510	0	NA
2250345	0	NA
2250985	0	NA
2251904	0	NA
2256425	0	NA
849770	0	NA
2260620	0	NA
2265722	0	NA
918313	0	NA
898217	0	NA
2270563	0	NA
2270605	0	NA
2272351	0	NA
2272791	0	NA
2277614	0	NA
2280817	0	NA
2280825	0	NA
2281172	0	NA
2281515	0	NA
2283111	0	NA
2283112	0	NA
2291414	0	NA
2298935	0	NA
2307779	0	NA
842291	0	NA
1007399	0	NA
2309799	0	NA
2313540	0	NA
688923	0	NA
825808	0	NA
2318202	0	NA
2318217	0	NA
2320424	0	NA
2320623	0	NA
815422	0	NA
2331530	0	NA
2338105	0	NA
2339949	0	NA
2341726	0	NA
862634	0	NA
2354022	0	NA
2362317	0	NA
1141188	0	NA
2363623	0	NA
2364592	0	NA
2365690	0	NA
2365946	0	NA
2368865	0	NA
2383341	0	NA
2386814	0	NA
2387797	0	NA
2388088	0	NA
2391364	0	NA
2393022	0	NA
2398439	0	NA
2403301	0	NA
920226	0	NA
2406945	0	NA
2407149	0	NA
2411216	0	NA
2420110	0	NA
838207	0	NA
2424737	0	NA
1106006	0	NA
2426688	0	NA
782984	0	NA
2430693	0	NA
2434190	0	NA
2438203	0	NA
2438948	0	NA
2439770	0	NA
2442706	0	NA
2447244	0	NA
2450394	0	NA
2457426	0	NA
1107652	0	NA
2487345	0	NA
2496050	0	NA
2496531	0	NA
2497035	0	NA
2497335	0	NA
817339	0	NA
733799	0	NA
2498994	0	NA
2499530	0	NA
2500766	0	NA
2506486	0	NA
2529285	0	NA
2530636	0	NA
2532173	0	NA
930592	0	NA
2544963	0	NA
2545906	0	NA
2548159	0	NA
2549971	0	NA
2550241	0	NA
2550809	0	NA
2552942	0	NA
2555599	0	NA
2564646	0	NA
2565100	0	NA
822770	0	NA
2574091	0	NA
2575651	0	NA
2593884	0	NA
2595558	0	NA
1108747	0	NA
2600155	0	NA
2612863	0	NA
2613485	0	NA
837396	0	NA
2624257	0	NA
2631111	0	NA
2636449	0	NA
2642538	0	NA
2653002	0	NA
2654263	0	NA
2655741	0	NA
2656868	0	NA
2657412	0	NA
2658058	0	NA
2658061	0	NA
1089121	0	NA
2675920	0	NA
2683271	0	NA
2686369	0	NA
2686372	0	NA
2686384	0	NA
976171	0	NA
2688034	0	NA
2689396	0	NA
2696706	0	NA
2699610	0	NA
2704013	0	NA
843569	0	NA
1057278	0	NA
910353	0	NA
2712937	0	NA
2714942	0	NA
2720864	0	NA
2724174	0	NA
2724175	0	NA
2730947	0	NA
2731539	0	NA
2740201	0	NA
2740950	0	NA
2740953	0	NA
851938	0	NA
2762219	0	NA
897946	0	NA
2768843	0	NA
2771899	0	NA
2781880	0	NA
2783114	0	NA
2789595	0	NA
2792266	0	NA
1046997	0	NA
2800178	0	NA
2801994	0	NA
695909	0	NA
652696	0	NA
2829179	0	NA
2831841	0	NA
2835813	0	NA
2836610	0	NA
1010113	0	NA
1034960	0	NA
134174	0	NA
817135	0	NA
2851803	0	NA
2858770	0	NA
932989	0	NA
2859978	0	NA
2862781	0	NA
763362	0	NA
2870145	0	NA
2874602	0	NA
2875735	0	NA
2876801	0	NA
2877100	0	NA
925131	0	NA
1068836	0	NA
2885978	0	NA
760544	0	NA
2891951	0	NA
2892294	0	NA
712142	0	NA
1145921	0	NA
1044419	0	NA
2901965	0	NA
2902741	0	NA
816242	0	NA
2917946	0	NA
2920309	0	NA
2921213	0	NA
2925620	0	NA
663969	0	NA
2932151	0	NA
2932557	0	NA
921020	0	NA
2941399	0	NA
2943548	0	NA
2943553	0	NA
2949004	0	NA
2949328	0	NA
2949920	0	NA
2953981	0	NA
771181	0	NA
2963281	0	NA
2965498	0	NA
1142029	0	NA
2965639	0	NA
1110253	0	NA
608244	0	NA
2978122	0	NA
2979308	0	NA
2986828	0	NA
2987636	0	NA
2990145	0	NA
2992128	0	NA
2996799	0	NA
2996838	0	NA
2997866	0	NA
3002161	0	NA
3004856	0	NA
663500	0	NA
3014078	0	NA
3014082	0	NA
3015509	0	NA
3016478	0	NA
3021821	0	NA
3028273	0	NA
3028318	0	NA
3035308	0	NA
3039313	0	NA
3040024	0	NA
3044876	0	NA
3046870	0	NA
3053793	0	NA
3055324	0	NA
3055954	0	NA
3056461	0	NA
3060611	0	NA
3069023	0	NA
847934	0	NA
1110417	0	NA
839684	0	NA
750071	0	NA
3082155	0	NA
3084481	0	NA
3086353	0	NA
3090048	0	NA
3090117	0	NA
821989	0	NA
3103114	0	NA
727507	0	NA
3115852	0	NA
3116381	0	NA
3117556	0	NA
3121406	0	NA
3124103	0	NA
3127555	0	NA
3134492	0	NA
3138798	0	NA
3141342	0	NA
3143796	0	NA
3147425	0	NA
3149595	0	NA
3152469	0	NA
3154070	0	NA
3160267	0	NA
3164394	0	NA
3164696	0	NA
3166216	0	NA
3171053	0	NA
3172945	0	NA
842594	0	NA
3173413	0	NA
3180933	0	NA
3181657	0	NA
3186216	0	NA
3186392	0	NA
849346	0	NA
3191793	0	NA
3195500	0	NA
3195723	0	NA
3203801	0	NA
3204236	0	NA
3211875	0	NA
3220518	0	NA
3224662	0	NA
3229554	0	NA
3232988	0	NA
3235048	0	NA
3236435	0	NA
3237449	0	NA
1000113	0	NA
3244671	0	NA
3244896	0	NA
3244992	0	NA
845444	0	NA
1135616	0	NA
3256931	0	NA
3257403	0	NA
3257594	0	NA
3259606	0	NA
3262406	0	NA
3265161	0	NA
3265556	0	NA
3270612	0	NA
815158	0	NA
772543	0	NA
3272632	0	NA
3272764	0	NA
1076557	0	NA
1129569	0	NA
755474	0	NA
3275562	0	NA
3275934	0	NA
3278416	0	NA
845396	0	NA
3294726	0	NA
3301064	0	NA
3301181	0	NA
3302038	0	NA
3302039	0	NA
3304236	0	NA
3304796	0	NA
809658	0	NA
3319304	0	NA
3320406	0	NA
3321163	0	NA
3325758	0	NA
3325767	0	NA
3325984	0	NA
1139897	0	NA
3327894	0	NA
3338600	0	NA
3352106	0	NA
3358073	0	NA
3359884	0	NA
3364143	0	NA
3366133	0	NA
3376513	0	NA
3383663	0	NA
3384047	0	NA
3387754	0	NA
962249	0	NA
681370	0	NA
3390534	0	NA
3393191	0	NA
3398712	0	NA
3408594	0	NA
3408597	0	NA
3409154	0	NA
3409355	0	NA
3409363	0	NA
3409376	0	NA
3412718	0	NA
3413566	0	NA
759816	0	NA
684586	0	NA
3422630	0	NA
3424188	0	NA
3424669	0	NA
3426658	0	NA
3428181	0	NA
3430935	0	NA
3438276	0	NA
3439402	0	NA
3441309	0	NA
3443092	0	NA
3443119	0	NA
3449121	0	NA
3449122	0	NA
3450453	0	NA
3450454	0	NA
3452790	0	NA
1121926	0	NA
3462224	0	NA
3465233	0	NA
3465320	0	NA
851668	0	NA
3472078	0	NA
3474081	0	NA
678717	0	NA
849393	0	NA
3483793	0	NA
3484503	0	NA
3486634	0	NA
3487872	0	NA
3487876	0	NA
3488180	0	NA
1077751	0	NA
844375	0	NA
3500642	0	NA
3507351	0	NA
3507744	0	NA
3508701	0	NA
941087	0	NA
610842	0	NA
3524537	0	NA
3530697	0	NA
3531225	0	NA
3532907	0	NA
1148151	0	NA
846798	0	NA
3537197	0	NA
3544699	0	NA
3557915	0	NA
3563235	0	NA
3563387	0	NA
3571769	0	NA
1111522	0	NA
3576174	0	NA
3583645	0	NA
3585003	0	NA
3588390	0	NA
3589405	0	NA
3598692	0	NA
3600504	0	NA
3604981	0	NA
3609545	0	NA
3613745	0	NA
3621189	0	NA
3633129	0	NA
3647536	0	NA
3648884	0	NA
3667183	0	NA
3671383	0	NA
3680006	0	NA
3682570	0	NA
1144129	0	NA
3686740	0	NA
3692427	0	NA
3699358	0	NA
3702906	0	NA
3708846	0	NA
1121530	0	NA
3709560	0	NA
3709596	0	NA
3709988	0	NA
3709990	0	NA
3713805	0	NA
3715618	0	NA
1129971	0	NA
3730265	0	NA
3736962	0	NA
3744858	0	NA
3745352	0	NA
3746307	0	NA
3747551	0	NA
1103978	0	NA
1043408	0	NA
3750373	0	NA
3754778	0	NA
3754926	0	NA
3755854	0	NA
3756485	0	NA
3767933	0	NA
3768338	0	NA
3768971	0	NA
1108377	0	NA
666757	0	NA
988202	0	NA
3779896	0	NA
3779973	0	NA
3785400	0	NA
3791955	0	NA
3797933	0	NA
3799784	0	NA
3801267	0	NA
3805518	0	NA
3806695	0	NA
3825935	0	NA
3827235	0	NA
3834453	0	NA
730906	0	NA
3841096	0	NA
3845864	0	NA
3855886	0	NA
3855938	0	NA
3856404	0	NA
3857424	0	NA
3862524	0	NA
3864823	0	NA
3865949	0	NA
3866932	0	NA
3868447	0	NA
890882	0	NA
3874253	0	NA
3887769	0	NA
3889296	0	NA
3889756	0	NA
3892207	0	NA
3894019	0	NA
3903651	0	NA
3905573	0	NA
3907189	0	NA
3908639	0	NA
3908646	0	NA
3910241	0	NA
3910247	0	NA
3924208	0	NA
3924627	0	NA
3925380	0	NA
3926480	0	NA
791348	0	NA
3931537	0	NA
613933	0	NA
3943182	0	NA
3943186	0	NA
637546	0	NA
3963289	0	NA
3970651	0	NA
874462	0	NA
3980364	0	NA
841635	0	NA
3989107	0	NA
3997242	0	NA
3998909	0	NA
3998912	0	NA
694337	0	NA
4004991	0	NA
4004998	0	NA
4005150	0	NA
806686	0	NA
4008139	0	NA
4008675	0	NA
4012190	0	NA
1105459	0	NA
4020046	0	NA
4020502	0	NA
807548	0	NA
4024559	0	NA
4028553	0	NA
4029584	0	NA
4029632	0	NA
4030375	0	NA
4033995	0	NA
4035247	0	NA
4041792	0	NA
4043275	0	NA
4045882	0	NA
4045886	0	NA
4059332	0	NA
4060124	0	NA
4060501	0	NA
4060645	0	NA
4070490	0	NA
801210	0	NA
4072210	0	NA
4079463	0	NA
4082721	0	NA
4086959	0	NA
4087649	0	NA
672431	0	NA
4089040	0	NA
4090254	0	NA
4093636	0	NA
4094259	0	NA
4094263	0	NA
4095596	0	NA
1144764	0	NA
4103317	0	NA
4108811	0	NA
1135084	0	NA
4111715	0	NA
4113009	0	NA
4120404	0	NA
4122606	0	NA
4122608	0	NA
4128381	0	NA
4132520	0	NA
849704	0	NA
4139860	0	NA
4143073	0	NA
4144206	0	NA
4144592	0	NA
4146491	0	NA
4153054	0	NA
688800	0	NA
848669	0	NA
4174963	0	NA
4177702	0	NA
4183249	0	NA
4185337	0	NA
4189999	0	NA
4191060	0	NA
844750	0	NA
4194837	0	NA
4201482	0	NA
4202174	0	NA
859619	0	NA
1057169	0	NA
4217226	0	NA
4217959	0	NA
842193	0	NA
4226619	0	NA
4226929	0	NA
4232048	0	NA
4234212	0	NA
4234219	0	NA
4238179	0	NA
4242681	0	NA
4244333	0	NA
793109	0	NA
4249719	0	NA
1062569	0	NA
4254528	0	NA
1143045	0	NA
4256470	0	NA
839610	0	NA
4278525	0	NA
1024613	0	NA
4281639	0	NA
708285	0	NA
683112	0	NA
4282363	0	NA
4288931	0	NA
4289139	0	NA
4289377	0	NA
1136492	0	NA
4289858	0	NA
4289859	0	NA
4295011	0	NA
4295035	0	NA
4295444	0	NA
4295618	0	NA
4295707	0	NA
4295743	0	NA
4296218	0	NA
4296244	0	NA
4296763	0	NA
4296764	0	NA
4296771	0	NA
4297222	0	NA
4297420	0	NA
4298137	0	NA
4299128	0	NA
4299396	0	NA
4299406	0	NA
4299543	0	NA
4299925	0	NA
4300127	0	NA
4300778	0	NA
4301122	0	NA
4301141	0	NA
4301298	0	NA
4301511	0	NA
4302904	0	NA
4303114	0	NA
4303423	0	NA
4303724	0	NA
4303850	0	NA
4303851	0	NA
4303852	0	NA
4303855	0	NA
4304475	0	NA
4305815	0	NA
4305923	0	NA
4306004	0	NA
4306036	0	NA
4306121	0	NA
4306157	0	NA
4306166	0	NA
4306262	0	NA
4306836	0	NA
4307092	0	NA
4307094	0	NA
4308591	0	NA
4308835	0	NA
4309323	0	NA
4309550	0	NA
4309636	0	NA
4309760	0	NA
4310221	0	NA
4310223	0	NA
4311620	0	NA
4311621	0	NA
4311647	0	NA
4314125	0	NA
4315396	0	NA
4315688	0	NA
4315782	0	NA
4315786	0	NA
4315787	0	NA
4315788	0	NA
4315958	0	NA
4316391	0	NA
4316995	0	NA
4317113	0	NA
4318098	0	NA
4318122	0	NA
4318177	0	NA
4318208	0	NA
4318671	0	NA
4319005	0	NA
4319785	0	NA
4320699	0	NA
4320756	0	NA
4320991	0	NA
4321001	0	NA
4321292	0	NA
4322275	0	NA
4322712	0	NA
4322751	0	NA
4322986	0	NA
4323124	0	NA
4323932	0	NA
4324040	0	NA
4324240	0	NA
4324245	0	NA
4324964	0	NA
4324985	0	NA
4325261	0	NA
4325295	0	NA
4325836	0	NA
4326080	0	NA
4326084	0	NA
4326091	0	NA
4326866	0	NA
4326869	0	NA
4326870	0	NA
4327184	0	NA
4327629	0	NA
4327881	0	NA
4328241	0	NA
4328550	0	NA
4328606	0	NA
4329090	0	NA
4329112	0	NA
4329572	0	NA
4330229	0	NA
4330423	0	NA
4330852	0	NA
4331223	0	NA
4331357	0	NA
4331360	0	NA
4331364	0	NA
4331723	0	NA
4331760	0	NA
4332082	0	NA
4332428	0	NA
4332676	0	NA
609589	0	NA
4333499	0	NA
4333513	0	NA
4333648	0	NA
4333652	0	NA
4333655	0	NA
4333731	0	NA
4333897	0	NA
4333921	0	NA
4334479	0	NA
4334711	0	NA
4334844	0	NA
4335293	0	NA
4335402	0	NA
4335484	0	NA
4335781	0	NA
4335815	0	NA
4336423	0	NA
4336546	0	NA
4336729	0	NA
4336731	0	NA
4336746	0	NA
4336939	0	NA
4336940	0	NA
4336943	0	NA
4337970	0	NA
4338161	0	NA
4338535	0	NA
4338577	0	NA
4338624	0	NA
4338803	0	NA
4339831	0	NA
4339832	0	NA
4339978	0	NA
4340036	0	NA
4340358	0	NA
4341119	0	NA
4341194	0	NA
4341334	0	NA
4341497	0	NA
4341534	0	NA
4341886	0	NA
4342104	0	NA
4342682	0	NA
4343005	0	NA
4343221	0	NA
4343528	0	NA
4343580	0	NA
4343627	0	NA
4343631	0	NA
4343709	0	NA
4343717	0	NA
4343842	0	NA
4343940	0	NA
4343981	0	NA
4344643	0	NA
4344860	0	NA
4344861	0	NA
4345515	0	NA
4345821	0	NA
4345850	0	NA
4346307	0	NA
4346368	0	NA
4346374	0	NA
4346469	0	NA
4346490	0	NA
4346568	0	NA
4346675	0	NA
4346677	0	NA
4347159	0	NA
4347520	0	NA
4347568	0	NA
4347689	0	NA
4348122	0	NA
4348264	0	NA
4348472	0	NA
4349261	0	NA
4349660	0	NA
4349946	0	NA
4350035	0	NA
4351077	0	NA
4351228	0	NA
4352657	0	NA
4352747	0	NA
4352760	0	NA
4352805	0	NA
4353757	0	NA
4353913	0	NA
4354041	0	NA
4354173	0	NA
4354235	0	NA
4354477	0	NA
4354486	0	NA
4354582	0	NA
4355086	0	NA
4355379	0	NA
4355695	0	NA
4355792	0	NA
4355971	0	NA
4356060	0	NA
4356062	0	NA
4356065	0	NA
4356307	0	NA
4356466	0	NA
4356623	0	NA
4356641	0	NA
4356697	0	NA
4356832	0	NA
4357029	0	NA
4357223	0	NA
4357353	0	NA
4357712	0	NA
4357713	0	NA
4357714	0	NA
4357811	0	NA
4357871	0	NA
4357932	0	NA
4358599	0	NA
4358723	0	NA
4358919	0	NA
4358921	0	NA
4359216	0	NA
4359218	0	NA
4359220	0	NA
4359749	0	NA
4359797	0	NA
4359834	0	NA
4360055	0	NA
656881	0	NA
4360486	0	NA
4361189	0	NA
4361727	0	NA
4362724	0	NA
4362942	0	NA
4363553	0	NA
4363554	0	NA
4363660	0	NA
4363793	0	NA
732765	0	NA
4364222	0	NA
4364405	0	NA
4364464	0	NA
4365130	0	NA
4365903	0	NA
4366089	0	NA
4366173	0	NA
4366391	0	NA
4366523	0	NA
4366524	0	NA
4366728	0	NA
4366843	0	NA
4366867	0	NA
4366889	0	NA
4367187	0	NA
784040	0	NA
4367410	0	NA
4368216	0	NA
4368484	0	NA
4369131	0	NA
4369272	0	NA
4369327	0	NA
4369878	0	NA
4369901	0	NA
4370024	0	NA
4370025	0	NA
4370229	0	NA
4370257	0	NA
4370362	0	NA
4370657	0	NA
4370912	0	NA
4370941	0	NA
4371046	0	NA
4371061	0	NA
4371300	0	NA
4371302	0	NA
4371360	0	NA
4371463	0	NA
4371724	0	NA
4371786	0	NA
4371880	0	NA
4371957	0	NA
4372003	0	NA
4372130	0	NA
4372206	0	NA
4372382	0	NA
4372511	0	NA
4372528	0	NA
4372612	0	NA
4372625	0	NA
4373152	0	NA
4373305	0	NA
4373642	0	NA
4374084	0	NA
4374204	0	NA
4374484	0	NA
4374638	0	NA
4374853	0	NA
4375080	0	NA
4375442	0	NA
4375646	0	NA
672440	0	NA
4375860	0	NA
4375889	0	NA
4375894	0	NA
4376453	0	NA
4376828	0	NA
4377091	0	NA
4377144	0	NA
4377149	0	NA
4377211	0	NA
4377328	0	NA
4377703	0	NA
4377709	0	NA
4378081	0	NA
4378683	0	NA
4378688	0	NA
4379411	0	NA
4379449	0	NA
4379646	0	NA
4379957	0	NA
4380039	0	NA
4380137	0	NA
4380191	0	NA
4380450	0	NA
4380813	0	NA
4381303	0	NA
4381422	0	NA
4381548	0	NA
4381553	0	NA
4381555	0	NA
4381635	0	NA
4381639	0	NA
4381749	0	NA
4381755	0	NA
4382457	0	NA
4383827	0	NA
4383922	0	NA
4383953	0	NA
4384058	0	NA
4384203	0	NA
4384346	0	NA
4385318	0	NA
4385761	0	NA
4385790	0	NA
4385791	0	NA
4385889	0	NA
4386018	0	NA
4386761	0	NA
4386814	0	NA
4387181	0	NA
4387208	0	NA
4387246	0	NA
4387250	0	NA
4387344	0	NA
4388068	0	NA
4388174	0	NA
4388645	0	NA
4388775	0	NA
4388948	0	NA
4389066	0	NA
4389163	0	NA
4389571	0	NA
4390134	0	NA
4390211	0	NA
4390319	0	NA
4390365	0	NA
4390403	0	NA
4390839	0	NA
4390972	0	NA
4391009	0	NA
4391230	0	NA
4391262	0	NA
4391326	0	NA
4391448	0	NA
4391625	0	NA
4391641	0	NA
4392188	0	NA
4392484	0	NA
4392646	0	NA
4393073	0	NA
4393172	0	NA
4393396	0	NA
4393499	0	NA
4393532	0	NA
4393565	0	NA
4394977	0	NA
4395075	0	NA
4395096	0	NA
4395327	0	NA
4395677	0	NA
4395708	0	NA
4395774	0	NA
4396250	0	NA
4396297	0	NA
4396298	0	NA
4396325	0	NA
4396367	0	NA
4396656	0	NA
4396688	0	NA
4396877	0	NA
4396888	0	NA
4397092	0	NA
4397098	0	NA
4397439	0	NA
4397579	0	NA
4398028	0	NA
4398588	0	NA
4399109	0	NA
4401373	0	NA
4401375	0	NA
4401580	0	NA
4402042	0	NA
4402254	0	NA
4402537	0	NA
4402610	0	NA
4402751	0	NA
4402903	0	NA
4402959	0	NA
4402960	0	NA
4403113	0	NA
4403632	0	NA
4403691	0	NA
4404181	0	NA
4404187	0	NA
4404830	0	NA
4404925	0	NA
4405104	0	NA
4405146	0	NA
4405423	0	NA
4405482	0	NA
4405669	0	NA
743082	0	NA
4406616	0	NA
4406814	0	NA
4406818	0	NA
4406925	0	NA
4407336	0	NA
4407387	0	NA
4407515	0	NA
4407939	0	NA
4408801	0	NA
4409280	0	NA
4409730	0	NA
4410097	0	NA
4410166	0	NA
4410401	0	NA
4410461	0	NA
4410938	0	NA
4410988	0	NA
4411385	0	NA
4411460	0	NA
4411486	0	NA
4411875	0	NA
4412049	0	NA
4412106	0	NA
4412168	0	NA
4412540	0	NA
4412541	0	NA
4412542	0	NA
4412546	0	NA
4412788	0	NA
4414044	0	NA
4414420	0	NA
4414476	0	NA
4414478	0	NA
4414488	0	NA
4414783	0	NA
4415263	0	NA
4415390	0	NA
4416025	0	NA
4416562	0	NA
4416570	0	NA
4416614	0	NA
4416646	0	NA
4416951	0	NA
4417325	0	NA
4417335	0	NA
4417539	0	NA
4417708	0	NA
4418233	0	NA
4418703	0	NA
4418787	0	NA
4418832	0	NA
4420474	0	NA
4420570	0	NA
4420669	0	NA
4421070	0	NA
4421199	0	NA
4421273	0	NA
4421276	0	NA
4421995	0	NA
4421998	0	NA
4422039	0	NA
4422315	0	NA
4422656	0	NA
4422727	0	NA
4423384	0	NA
4423553	0	NA
4423882	0	NA
4424063	0	NA
4424106	0	NA
4424113	0	NA
4424408	0	NA
4424598	0	NA
4425043	0	NA
4425214	0	NA
4425368	0	NA
4425495	0	NA
4425526	0	NA
4425571	0	NA
4425663	0	NA
4425669	0	NA
4426249	0	NA
4426438	0	NA
4426877	0	NA
4427221	0	NA
4427290	0	NA
4427366	0	NA
4427459	0	NA
4427688	0	NA
4428337	0	NA
4428544	0	NA
4428676	0	NA
4428714	0	NA
4428929	0	NA
4428949	0	NA
4428953	0	NA
4429079	0	NA
4429239	0	NA
4429301	0	NA
4429335	0	NA
4429608	0	NA
4429963	0	NA
4429981	0	NA
4430497	0	NA
4430498	0	NA
4430499	0	NA
4430639	0	NA
4430845	0	NA
4431292	0	NA
4431545	0	NA
4431558	0	NA
4432234	0	NA
4432433	0	NA
4432516	0	NA
4432952	0	NA
4433737	0	NA
4433823	0	NA
4433947	0	NA
4434334	0	NA
4434579	0	NA
4435186	0	NA
4435309	0	NA
4435396	0	NA
4435400	0	NA
4435402	0	NA
4435690	0	NA
4435784	0	NA
4436046	0	NA
4436552	0	NA
4437024	0	NA
4437359	0	NA
4437362	0	NA
4437368	0	NA
4437515	0	NA
4437814	0	NA
4438078	0	NA
4438116	0	NA
4438951	0	NA
4438999	0	NA
4439360	0	NA
4439398	0	NA
4439469	0	NA
4439487	0	NA
4439489	0	NA
4439530	0	NA
4440335	0	NA
4440670	0	NA
4441084	0	NA
4441615	0	NA
4442028	0	NA
4442170	0	NA
4442387	0	NA
4442508	0	NA
4442899	0	NA
4443094	0	NA
4443143	0	NA
4443172	0	NA
4443846	0	NA
4444262	0	NA
4444529	0	NA
4445028	0	NA
4445078	0	NA
4445226	0	NA
4446120	0	NA
4446238	0	NA
4446669	0	NA
4446733	0	NA
4446898	0	NA
4446943	0	NA
4447072	0	NA
4447176	0	NA
4447552	0	NA
4447950	0	NA
4448436	0	NA
4448492	0	NA
4448928	0	NA
4449054	0	NA
4449055	0	NA
4449236	0	NA
4449427	0	NA
4449633	0	NA
4450010	0	NA
4450025	0	NA
4450214	0	NA
4450415	0	NA
4450979	0	NA
4451152	0	NA
4451216	0	NA
4451477	0	NA
4451899	0	NA
4451906	0	NA
4451907	0	NA
4452051	0	NA
4452107	0	NA
4452400	0	NA
4452437	0	NA
4453304	0	NA
4453307	0	NA
4453501	0	NA
4453550	0	NA
4453773	0	NA
4454257	0	NA
4454531	0	NA
4455257	0	NA
4455308	0	NA
4455388	0	NA
4455677	0	NA
4456142	0	NA
4456606	0	NA
4456702	0	NA
4457064	0	NA
4457268	0	NA
4457427	0	NA
4457438	0	NA
4457872	0	NA
4457884	0	NA
4458227	0	NA
4458576	0	NA
4458634	0	NA
4458758	0	NA
4459196	0	NA
4459645	0	NA
4459750	0	NA
4460005	0	NA
4460021	0	NA
4460786	0	NA
4460847	0	NA
4461127	0	NA
4461762	0	NA
4462107	0	NA
4462436	0	NA
4462541	0	NA
4462599	0	NA
4462857	0	NA
4463108	0	NA
4463532	0	NA
4463868	0	NA
4463892	0	NA
4464445	0	NA
4464717	0	NA
4465072	0	NA
4465124	0	NA
4465284	0	NA
4465471	0	NA
4465472	0	NA
4465907	0	NA
4466275	0	NA
4466705	0	NA
4466707	0	NA
4467347	0	NA
4467447	0	NA
656765	0	NA
4468234	0	NA
4468384	0	NA
4468464	0	NA
4468465	0	NA
4468466	0	NA
4468891	0	NA
4468892	0	NA
4469007	0	NA
4469052	0	NA
4469167	0	NA
4469233	0	NA
4469302	0	NA
4469420	0	NA
4470114	0	NA
4470582	0	NA
4470603	0	NA
4470870	0	NA
4471279	0	NA
4471525	0	NA
4471854	0	NA
4472091	0	NA
4472130	0	NA
4472158	0	NA
4472174	0	NA
4472202	0	NA
4472399	0	NA
4472551	0	NA
4473129	0	NA
4473506	0	NA
4473509	0	NA
4473763	0	NA
4473788	0	NA
4473883	0	NA
4474081	0	NA
4474255	0	NA
4474593	0	NA
4474760	0	NA
4474951	0	NA
4475469	0	NA
4475642	0	NA
4475758	0	NA
4476065	0	NA
4476205	0	NA
4476561	0	NA
4476604	0	NA
4476780	0	NA
4477017	0	NA
4477537	0	NA
4477861	0	NA
4478815	0	NA
4478840	0	NA
4478992	0	NA
4479373	0	NA
4479397	0	NA
4479443	0	NA
4480176	0	NA
4480244	0	NA
4480359	0	NA
4480529	0	NA
4480841	0	NA
4480861	0	NA
4480970	0	NA
4481131	0	NA
4481195	0	NA
4481427	0	NA
4481506	0	NA
4481624	0	NA
4481861	0	NA
4482404	0	NA
4482516	0	NA
4482983	0	NA
4483037	0	NA
4483045	0	NA
4483570	0	NA
4483963	0	NA
4484010	0	NA
4484034	0	NA
4484075	0	NA
4484111	0	NA
849440	0	NA
4438983	0	NA
299441	-5.2882072977261e-07	NA
174403	-1.00806451612903e-06	NA
168289	-1.58730158730159e-06	NA
297635	-1.89528547737503e-06	NA
191660	-1.94931773879142e-06	NA
310886	-2.15227333871402e-06	NA
328617	-2.93613897724493e-06	NA
4455163	-4.25015179113539e-06	NA
372348	-4.778972520908e-06	NA
187388	-5.2369730295889e-06	NA
187056	-6.51629072681704e-06	NA
315223	-2.8169014084507e-05	NA
183454	-2.8169014084507e-05	NA
364179	-2.89855072463768e-05	NA
192625	-2.89855072463768e-05	NA
367542	-2.94117647058824e-05	NA
332317	-2.94117647058824e-05	NA
322895	-2.94117647058824e-05	NA
807226	-2.94117647058824e-05	NA
358410	-2.98507462686567e-05	NA
180999	-2.98507462686567e-05	NA
148352	-2.98507462686567e-05	NA
1501336	-2.98507462686567e-05	NA
178957	-3.02884615384615e-05	NA
326482	-3.03030303030303e-05	NA
199491	-3.03030303030303e-05	NA
183202	-3.03030303030303e-05	NA
1906635	-3.03030303030303e-05	NA
813479	-3.03030303030303e-05	NA
579851	-3.07692307692308e-05	NA
329992	-3.07692307692308e-05	NA
192767	-3.07692307692308e-05	NA
177727	-3.07692307692308e-05	NA
99242	-3.07692307692308e-05	NA
1740498	-3.07692307692308e-05	NA
2309802	-3.07692307692308e-05	NA
4408423	-3.07692307692308e-05	NA
145575	-3.125e-05	NA
1943557	-3.125e-05	NA
4329571	-3.125e-05	NA
580008	-3.17460317460317e-05	NA
367946	-3.17460317460317e-05	NA
350091	-3.17460317460317e-05	NA
308631	-3.17460317460317e-05	NA
302333	-3.17460317460317e-05	NA
297648	-3.17460317460317e-05	NA
293896	-3.17460317460317e-05	NA
199293	-3.17460317460317e-05	NA
197537	-3.17460317460317e-05	NA
185814	-3.17460317460317e-05	NA
184670	-3.17460317460317e-05	NA
180468	-3.17460317460317e-05	NA
177042	-3.17460317460317e-05	NA
176518	-3.17460317460317e-05	NA
168383	-3.17460317460317e-05	NA
2544615	-3.17460317460317e-05	NA
4386507	-3.17460317460317e-05	NA
4407747	-3.17460317460317e-05	NA
369097	-3.2258064516129e-05	NA
366584	-3.2258064516129e-05	NA
271602	-3.2258064516129e-05	NA
189152	-3.2258064516129e-05	NA
3824086	-3.2258064516129e-05	NA
4442459	-3.2258064516129e-05	NA
329820	-3.27228327228327e-05	NA
752354	-3.27868852459016e-05	NA
308451	-3.27868852459016e-05	NA
307571	-3.27868852459016e-05	NA
271430	-3.27868852459016e-05	NA
197135	-3.27868852459016e-05	NA
184518	-3.27868852459016e-05	NA
182149	-3.27868852459016e-05	NA
176318	-3.27868852459016e-05	NA
174943	-3.27868852459016e-05	NA
3439403	-3.27868852459016e-05	NA
1102370	-3.27868852459016e-05	NA
4396655	-3.27868852459016e-05	NA
4396723	-3.27868852459016e-05	NA
4419459	-3.27868852459016e-05	NA
323231	-3.33333333333333e-05	NA
197830	-3.33333333333333e-05	NA
190309	-3.33333333333333e-05	NA
188044	-3.33333333333333e-05	NA
187443	-3.33333333333333e-05	NA
182372	-3.33333333333333e-05	NA
179608	-3.33333333333333e-05	NA
178012	-3.33333333333333e-05	NA
48084	-3.33333333333333e-05	NA
1682179	-3.33333333333333e-05	NA
2415144	-3.33333333333333e-05	NA
4015273	-3.33333333333333e-05	NA
188706	-3.35339298727706e-05	NA
325850	-3.38983050847458e-05	NA
198788	-3.38983050847458e-05	NA
190069	-3.38983050847458e-05	NA
175138	-3.38983050847458e-05	NA
518538	-3.44827586206897e-05	NA
484304	-3.44827586206897e-05	NA
352902	-3.44827586206897e-05	NA
198468	-3.44827586206897e-05	NA
190058	-3.44827586206897e-05	NA
180257	-3.44827586206897e-05	NA
177222	-3.44827586206897e-05	NA
176269	-3.44827586206897e-05	NA
2056702	-3.44827586206897e-05	NA
3857426	-3.44827586206897e-05	NA
4102199	-3.44827586206897e-05	NA
4325533	-3.44827586206897e-05	NA
560873	-3.50877192982456e-05	NA
187492	-3.50877192982456e-05	NA
174716	-3.50877192982456e-05	NA
2119695	-3.50877192982456e-05	NA
2442708	-3.50877192982456e-05	NA
304563	-3.57142857142857e-05	NA
186633	-3.57142857142857e-05	NA
182799	-3.57142857142857e-05	NA
182588	-3.57142857142857e-05	NA
178001	-3.57142857142857e-05	NA
545038	-3.63636363636364e-05	NA
184753	-3.63636363636364e-05	NA
364903	-3.7037037037037e-05	NA
340474	-3.7037037037037e-05	NA
194420	-3.7037037037037e-05	NA
819353	-3.7037037037037e-05	NA
4472721	-3.92156862745098e-05	NA
360311	-4.03246923278345e-05	NA
2189140	-5.63380281690141e-05	NA
3807411	-5.71428571428571e-05	NA
620319	-5.88235294117647e-05	NA
177552	-5.88235294117647e-05	NA
197490	-5.97014925373134e-05	NA
194129	-5.97014925373134e-05	NA
4406684	-5.97014925373134e-05	NA
176108	-6.00410888546482e-05	NA
1808742	-6.06060606060606e-05	NA
535955	-6.15384615384615e-05	NA
176750	-6.15384615384615e-05	NA
189679	-6.15530303030303e-05	NA
3943183	-6.21088107847858e-05	NA
4359214	-6.27450980392157e-05	NA
187623	-6.29960317460317e-05	NA
575768	-6.34920634920635e-05	NA
315846	-6.34920634920635e-05	NA
3562626	-6.34920634920635e-05	NA
4387771	-6.34920634920635e-05	NA
317035	-6.41025641025641e-05	NA
319165	-6.45161290322581e-05	NA
183169	-6.46675358539765e-05	NA
185769	-6.46997929606625e-05	NA
127309	-6.478578892372e-05	NA
819181	-6.55737704918033e-05	NA
339566	-6.55737704918033e-05	NA
187767	-6.55737704918033e-05	NA
355450	-6.64835164835165e-05	NA
4338990	-6.68337510442774e-05	NA
195882	-6.70802315963606e-05	NA
308072	-6.77966101694915e-05	NA
217109	-6.77966101694915e-05	NA
2388617	-6.77966101694915e-05	NA
2730944	-6.77966101694915e-05	NA
194986	-7.11902113459399e-05	NA
291090	-7.27272727272727e-05	NA
367176	-7.84313725490196e-05	NA
197120	-9.20634920634921e-05	NA
2487129	-9.23507462686567e-05	NA
176994	-9.375e-05	NA
2563561	-9.58768007948336e-05	NA
197144	-9.7319802237835e-05	NA
3195932	-9.74358974358974e-05	NA
189524	-9.84144341170038e-05	NA
184000	-9.92685475444096e-05	NA
997439	-0.000100583495415393	NA
308907	-0.000101694915254237	NA
589277	-0.000105263157894737	NA
536831	-0.000107226107226107	NA
