# Constructed from biom file
#OTU ID	SRR515153	SRR518987	SRR521172	SRR521173	SRR521174	SRR521175	SRR521176	SRR521177	SRR521178	SRR521179	SRR521180	SRR521181	SRR521182	SRR521183	SRR521184	SRR521185	SRR521186	SRR521187	SRR521188	SRR521189	SRR521190	SRR521191	SRR521192	SRR521193	SRR521194	SRR521195	SRR521196	SRR521197	SRR521198	SRR521199	SRR521200	SRR521201	SRR521202	SRR521203	SRR521204	SRR521205	SRR521206	SRR521207	SRR521208	SRR521209	SRR521211	SRR521212	SRR521213	SRR521214	SRR521215	SRR521216	SRR521217	SRR521219	SRR521220	SRR521221	SRR521222	SRR521223	SRR521224	SRR521225	SRR521226	SRR521227	SRR521229	SRR521230	SRR521231	SRR521232	SRR521233	SRR521234	SRR521235	SRR521236	SRR521237	SRR521238	SRR521239	SRR521240	SRR521241	SRR521242	SRR521243	SRR521244	SRR521245	SRR521246	SRR521247	SRR521248	SRR521249	SRR521250	SRR521252	SRR521253	SRR521254	SRR521255	SRR521256	SRR521257	SRR521258	SRR521259	SRR521260	SRR521261	SRR521262	SRR521263	SRR521264	SRR521265
k__Bacteria;p__;c__	0.0	0.0	0.0	0.0	0.0	0.0	0.0	0.0	0.0	0.0	0.0	0.0	0.0	0.0	0.0	0.0	0.0	0.0	0.0	0.0	0.0	0.0	0.0	0.0	0.0	0.0	0.0	0.0	0.0	0.0	0.0	0.0	0.0	0.0	0.0	0.0	0.0	0.0	0.0	0.0	0.0	0.0	0.0	0.0	0.0	0.0	0.0	0.0	0.0	0.0	0.0	0.0	0.0	0.0	0.0	0.0	0.0	0.0	0.0	0.0	0.0	0.0	0.0	0.0	0.0	0.0	0.0	0.0	0.0	0.0	0.0	0.0	0.0	0.001	0.0	0.0	0.0	0.0	0.0	0.0	0.0	0.0	0.0	0.0	0.0	0.0	0.0	0.0	0.0	0.0	0.0	0.0
k__Bacteria;p__Actinobacteria;c__Actinobacteria	0.0	0.0	0.0	0.0	0.0	0.0	0.0	0.0	0.0	0.0	0.0	0.0	0.0	0.0	0.0	0.0	0.0	0.0	0.0	0.0	0.0	0.0	0.0	0.001	0.001	0.0	0.0	0.0	0.0	0.0	0.0	0.0	0.0	0.0	0.002	0.0	0.0	0.0	0.0	0.001	0.0	0.0	0.0	0.0	0.0	0.0	0.0	0.0	0.0	0.0	0.0	0.0	0.0	0.0	0.0	0.001	0.0	0.0	0.0	0.001	0.0	0.0	0.0	0.0	0.0	0.0	0.0	0.0	0.001	0.0	0.0	0.0	0.0	0.0	0.0	0.0	0.0	0.0	0.0	0.0	0.0	0.0	0.0	0.0	0.0	0.0	0.0	0.0	0.001	0.0	0.0	0.0
k__Bacteria;p__Actinobacteria;c__Coriobacteriia	0.0	0.0	0.0	0.0	0.0	0.0	0.0	0.0	0.0	0.0	0.0	0.001	0.0	0.0	0.001	0.0	0.0	0.0	0.0	0.0	0.0	0.0	0.0	0.0	0.0	0.0	0.0	0.0	0.0	0.0	0.0	0.0	0.0	0.0	0.005	0.0	0.0	0.001	0.0	0.002	0.0	0.0	0.0	0.001	0.0	0.001	0.001	0.0	0.0	0.0	0.0	0.0	0.001	0.0	0.0	0.002	0.0	0.008	0.0	0.001	0.005	0.004	0.007	0.001	0.001	0.003	0.001	0.0	0.002	0.002	0.001	0.001	0.004	0.005	0.004	0.002	0.002	0.0	0.007	0.003	0.011	0.002	0.007	0.002	0.002	0.001	0.0	0.0	0.001	0.001	0.003	0.001
k__Bacteria;p__Actinobacteria;c__OPB41	0.0	0.0	0.0	0.0	0.0	0.0	0.0	0.0	0.0	0.0	0.0	0.0	0.0	0.0	0.001	0.0	0.0	0.0	0.0	0.0	0.0	0.0	0.0	0.0	0.0	0.0	0.0	0.0	0.0	0.0	0.0	0.0	0.0	0.0	0.0	0.0	0.0	0.0	0.0	0.0	0.0	0.0	0.0	0.0	0.0	0.0	0.0	0.0	0.0	0.0	0.0	0.0	0.0	0.0	0.0	0.0	0.0	0.0	0.0	0.0	0.0	0.0	0.0	0.0	0.0	0.0	0.0	0.0	0.0	0.0	0.0	0.0	0.0	0.0	0.0	0.0	0.0	0.0	0.0	0.0	0.0	0.0	0.0	0.0	0.0	0.0	0.0	0.0	0.0	0.0	0.0	0.0
k__Bacteria;p__Bacteroidetes;c__Bacteroidia	0.73	0.74	0.676	0.585	0.782	0.613	0.574	0.745	0.707	0.752	0.581	0.396	0.639	0.71	0.776	0.671	0.73	0.772	0.647	0.494	0.631	0.553	0.821	0.696	0.763	0.638	0.624	0.631	0.629	0.636	0.697	0.963	0.953	0.675	0.933	0.479	0.962	0.484	0.926	0.922	0.637	0.627	0.452	0.67	0.522	0.864	0.966	0.611	0.532	0.566	0.631	0.928	0.97	0.515	0.518	0.484	0.958	0.515	0.969	0.893	0.568	0.963	0.648	0.857	0.931	0.971	0.927	0.983	0.86	0.754	0.902	0.96	0.855	0.846	0.867	0.944	0.642	0.767	0.582	0.896	0.745	0.782	0.874	0.869	0.926	0.959	0.962	0.951	0.93	0.777	0.781	0.934
k__Bacteria;p__Bacteroidetes;c__Flavobacteriia	0.0	0.0	0.0	0.0	0.0	0.0	0.0	0.0	0.0	0.0	0.0	0.0	0.0	0.0	0.0	0.0	0.0	0.0	0.0	0.0	0.0	0.0	0.0	0.0	0.0	0.0	0.0	0.0	0.0	0.0	0.0	0.0	0.0	0.0	0.0	0.0	0.0	0.0	0.0	0.0	0.0	0.0	0.0	0.0	0.0	0.0	0.0	0.0	0.0	0.0	0.0	0.0	0.0	0.0	0.0	0.0	0.0	0.0	0.0	0.0	0.0	0.0	0.0	0.0	0.0	0.0	0.0	0.0	0.0	0.0	0.0	0.0	0.0	0.0	0.0	0.0	0.0	0.0	0.0	0.0	0.0	0.0	0.0	0.0	0.0	0.0	0.0	0.0	0.0	0.0	0.001	0.0
k__Bacteria;p__Bacteroidetes;c__[Saprospirae]	0.0	0.0	0.0	0.0	0.0	0.0	0.0	0.0	0.0	0.0	0.0	0.0	0.001	0.0	0.0	0.0	0.0	0.0	0.0	0.0	0.0	0.0	0.0	0.0	0.0	0.0	0.0	0.0	0.0	0.001	0.0	0.0	0.0	0.0	0.001	0.0	0.0	0.0	0.0	0.0	0.001	0.0	0.0	0.0	0.0	0.001	0.0	0.0	0.0	0.0	0.0	0.0	0.0	0.0	0.0	0.0	0.0	0.0	0.0	0.0	0.0	0.0	0.0	0.0	0.0	0.0	0.0	0.0	0.0	0.0	0.0	0.0	0.0	0.0	0.0	0.0	0.0	0.001	0.0	0.0	0.0	0.0	0.0	0.0	0.001	0.0	0.0	0.0	0.0	0.0	0.0	0.0
k__Bacteria;p__Cyanobacteria;c__4C0d-2	0.0	0.0	0.0	0.0	0.0	0.0	0.0	0.0	0.0	0.0	0.0	0.0	0.0	0.0	0.0	0.0	0.0	0.0	0.0	0.0	0.0	0.0	0.0	0.0	0.0	0.0	0.0	0.0	0.001	0.0	0.0	0.0	0.0	0.0	0.0	0.0	0.0	0.0	0.0	0.0	0.0	0.0	0.0	0.0	0.0	0.0	0.0	0.0	0.0	0.0	0.0	0.0	0.0	0.0	0.0	0.0	0.0	0.0	0.0	0.0	0.0	0.0	0.0	0.0	0.0	0.0	0.0	0.0	0.0	0.0	0.0	0.0	0.0	0.0	0.0	0.0	0.0	0.0	0.0	0.0	0.0	0.0	0.0	0.0	0.0	0.0	0.0	0.0	0.0	0.0	0.0	0.0
k__Bacteria;p__Cyanobacteria;c__Chloroplast	0.0	0.0	0.0	0.001	0.0	0.0	0.0	0.0	0.0	0.0	0.001	0.0	0.0	0.0	0.0	0.0	0.0	0.0	0.0	0.0	0.0	0.0	0.0	0.0	0.0	0.0	0.0	0.0	0.0	0.0	0.0	0.0	0.0	0.0	0.0	0.0	0.0	0.0	0.0	0.0	0.0	0.0	0.0	0.0	0.0	0.001	0.0	0.0	0.0	0.0	0.0	0.0	0.0	0.0	0.0	0.0	0.0	0.0	0.0	0.0	0.002	0.002	0.0	0.0	0.0	0.0	0.0	0.001	0.001	0.0	0.0	0.0	0.003	0.0	0.0	0.0	0.001	0.0	0.001	0.0	0.0	0.0	0.0	0.0	0.0	0.0	0.0	0.001	0.0	0.001	0.0	0.001
k__Bacteria;p__Cyanobacteria;c__ML635J-21	0.0	0.0	0.0	0.0	0.0	0.0	0.0	0.0	0.0	0.0	0.0	0.0	0.0	0.0	0.0	0.0	0.0	0.0	0.0	0.0	0.0	0.0	0.0	0.0	0.0	0.0	0.0	0.0	0.0	0.0	0.0	0.0	0.0	0.0	0.0	0.0	0.0	0.0	0.0	0.0	0.0	0.0	0.0	0.0	0.0	0.0	0.0	0.0	0.0	0.0	0.0	0.0	0.0	0.0	0.0	0.0	0.0	0.0	0.0	0.0	0.0	0.0	0.0	0.0	0.0	0.0	0.0	0.0	0.0	0.0	0.0	0.0	0.0	0.0	0.0	0.0	0.0	0.0	0.0	0.0	0.0	0.0	0.0	0.0	0.0	0.0	0.0	0.0	0.0	0.0	0.001	0.0
k__Bacteria;p__Firmicutes;c__Bacilli	0.002	0.006	0.004	0.0	0.0	0.0	0.001	0.001	0.001	0.001	0.001	0.0	0.0	0.0	0.001	0.001	0.002	0.0	0.0	0.001	0.001	0.001	0.0	0.005	0.004	0.004	0.0	0.0	0.0	0.001	0.0	0.005	0.003	0.0	0.002	0.0	0.0	0.0	0.0	0.001	0.003	0.0	0.001	0.0	0.001	0.002	0.012	0.0	0.0	0.003	0.0	0.002	0.004	0.007	0.0	0.001	0.0	0.01	0.003	0.054	0.021	0.002	0.014	0.005	0.012	0.001	0.023	0.001	0.008	0.007	0.004	0.01	0.0	0.001	0.014	0.005	0.009	0.0	0.002	0.005	0.037	0.004	0.004	0.03	0.004	0.002	0.003	0.006	0.012	0.005	0.024	0.013
k__Bacteria;p__Firmicutes;c__Clostridia	0.25	0.24	0.308	0.401	0.216	0.374	0.411	0.242	0.286	0.232	0.407	0.584	0.35	0.285	0.215	0.319	0.261	0.212	0.346	0.486	0.354	0.429	0.173	0.285	0.218	0.346	0.363	0.356	0.351	0.349	0.299	0.03	0.029	0.306	0.021	0.493	0.02	0.483	0.03	0.036	0.337	0.356	0.537	0.309	0.456	0.06	0.016	0.36	0.447	0.418	0.352	0.024	0.017	0.46	0.477	0.493	0.033	0.317	0.022	0.034	0.13	0.027	0.225	0.101	0.044	0.019	0.035	0.01	0.079	0.074	0.079	0.015	0.117	0.081	0.085	0.042	0.116	0.217	0.31	0.066	0.125	0.08	0.086	0.064	0.045	0.029	0.024	0.021	0.032	0.164	0.142	0.042
k__Bacteria;p__Firmicutes;c__Erysipelotrichi	0.0	0.0	0.0	0.001	0.0	0.0	0.001	0.0	0.0	0.0	0.0	0.0	0.0	0.0	0.001	0.001	0.0	0.0	0.0	0.0	0.0	0.0	0.0	0.0	0.001	0.0	0.0	0.001	0.0	0.0	0.0	0.0	0.0	0.0	0.0	0.0	0.0	0.001	0.0	0.0	0.001	0.0	0.0	0.0	0.0	0.0	0.0	0.0	0.0	0.0	0.0	0.0	0.0	0.0	0.0	0.0	0.0	0.001	0.0	0.0	0.001	0.0	0.0	0.0	0.0	0.0	0.0	0.0	0.0	0.001	0.0	0.0	0.0	0.0	0.0	0.0	0.001	0.0	0.0	0.0	0.0	0.003	0.0	0.0	0.0	0.0	0.0	0.0	0.0	0.0	0.001	0.0
k__Bacteria;p__Proteobacteria;c__Alphaproteobacteria	0.0	0.0	0.0	0.0	0.0	0.0	0.0	0.0	0.0	0.0	0.0	0.0	0.0	0.0	0.0	0.0	0.0	0.0	0.0	0.0	0.0	0.0	0.0	0.001	0.0	0.0	0.0	0.0	0.0	0.0	0.0	0.0	0.0	0.0	0.0	0.0	0.0	0.0	0.0	0.0	0.0	0.0	0.0	0.0	0.0	0.0	0.0	0.0	0.0	0.0	0.0	0.0	0.0	0.0	0.0	0.0	0.0	0.0	0.0	0.0	0.0	0.0	0.0	0.0	0.0	0.001	0.0	0.0	0.0	0.0	0.0	0.0	0.0	0.0	0.0	0.0	0.0	0.0	0.0	0.0	0.0	0.0	0.0	0.0	0.0	0.0	0.0	0.0	0.0	0.0	0.0	0.0
k__Bacteria;p__Proteobacteria;c__Betaproteobacteria	0.006	0.002	0.002	0.003	0.002	0.004	0.002	0.002	0.0	0.008	0.005	0.002	0.003	0.003	0.0	0.003	0.005	0.001	0.001	0.001	0.0	0.004	0.006	0.002	0.004	0.001	0.001	0.006	0.0	0.004	0.0	0.0	0.0	0.003	0.001	0.002	0.0	0.002	0.0	0.001	0.001	0.001	0.001	0.003	0.002	0.001	0.003	0.001	0.0	0.003	0.004	0.001	0.001	0.001	0.001	0.0	0.004	0.002	0.001	0.001	0.0	0.001	0.002	0.0	0.003	0.0	0.0	0.0	0.001	0.0	0.001	0.002	0.003	0.001	0.002	0.0	0.0	0.006	0.005	0.004	0.001	0.007	0.002	0.002	0.002	0.001	0.0	0.006	0.0	0.001	0.002	0.0
k__Bacteria;p__Proteobacteria;c__Deltaproteobacteria	0.01	0.009	0.007	0.005	0.0	0.005	0.006	0.005	0.001	0.006	0.004	0.006	0.004	0.002	0.002	0.004	0.002	0.014	0.004	0.012	0.008	0.009	0.0	0.008	0.009	0.003	0.006	0.004	0.012	0.003	0.003	0.001	0.008	0.01	0.029	0.01	0.015	0.013	0.029	0.029	0.014	0.013	0.005	0.015	0.009	0.048	0.0	0.027	0.012	0.005	0.002	0.04	0.002	0.006	0.002	0.003	0.001	0.1	0.002	0.005	0.201	0.001	0.099	0.027	0.002	0.001	0.008	0.001	0.035	0.137	0.007	0.004	0.016	0.063	0.019	0.005	0.175	0.004	0.092	0.013	0.061	0.118	0.022	0.021	0.016	0.001	0.006	0.004	0.005	0.021	0.015	0.0
k__Bacteria;p__Proteobacteria;c__Epsilonproteobacteria	0.0	0.0	0.0	0.0	0.0	0.0	0.0	0.0	0.0	0.0	0.0	0.0	0.0	0.0	0.0	0.0	0.0	0.001	0.0	0.0	0.0	0.0	0.0	0.0	0.0	0.0	0.0	0.0	0.0	0.0	0.0	0.0	0.0	0.0	0.0	0.0	0.0	0.0	0.0	0.0	0.0	0.0	0.0	0.0	0.0	0.0	0.0	0.0	0.0	0.0	0.0	0.0	0.0	0.0	0.0	0.0	0.0	0.0	0.0	0.0	0.0	0.0	0.0	0.0	0.0	0.0	0.0	0.0	0.0	0.0	0.0	0.0	0.0	0.0	0.0	0.0	0.0	0.0	0.0	0.0	0.0	0.0	0.0	0.0	0.0	0.0	0.0	0.0	0.0	0.0	0.0	0.0
k__Bacteria;p__Proteobacteria;c__Gammaproteobacteria	0.0	0.0	0.0	0.0	0.0	0.0	0.0	0.0	0.0	0.0	0.0	0.0	0.0	0.0	0.0	0.0	0.0	0.0	0.0	0.0	0.0	0.0	0.0	0.0	0.0	0.0	0.0	0.0	0.0	0.0	0.0	0.0	0.0	0.0	0.0	0.0	0.0	0.0	0.0	0.0	0.0	0.0	0.001	0.0	0.0	0.0	0.0	0.0	0.0	0.0	0.0	0.0	0.0	0.0	0.0	0.0	0.0	0.0	0.0	0.0	0.0	0.0	0.0	0.001	0.003	0.0	0.0	0.0	0.0	0.0	0.001	0.0	0.001	0.0	0.0	0.001	0.0	0.0	0.0	0.0	0.001	0.0	0.0	0.0	0.001	0.0	0.0	0.0	0.0	0.002	0.0	0.001
k__Bacteria;p__Synergistetes;c__Synergistia	0.0	0.001	0.0	0.0	0.0	0.0	0.0	0.0	0.0	0.0	0.0	0.0	0.0	0.0	0.0	0.0	0.0	0.0	0.001	0.0	0.0	0.0	0.0	0.0	0.0	0.0	0.0	0.0	0.0	0.0	0.0	0.0	0.0	0.0	0.0	0.0	0.0	0.0	0.0	0.0	0.0	0.0	0.0	0.0	0.0	0.0	0.0	0.0	0.0	0.0	0.0	0.0	0.0	0.0	0.0	0.001	0.0	0.0	0.0	0.0	0.0	0.0	0.0	0.0	0.0	0.0	0.0	0.0	0.0	0.0	0.0	0.0	0.0	0.0	0.0	0.0	0.0	0.0	0.0	0.0	0.0	0.0	0.0	0.0	0.0	0.0	0.0	0.0	0.0	0.0	0.0	0.0
k__Bacteria;p__TM7;c__TM7-3	0.002	0.002	0.003	0.003	0.0	0.002	0.001	0.001	0.0	0.001	0.001	0.002	0.001	0.0	0.001	0.001	0.0	0.0	0.0	0.0	0.002	0.003	0.0	0.001	0.0	0.001	0.002	0.002	0.001	0.001	0.0	0.001	0.007	0.002	0.006	0.003	0.003	0.001	0.015	0.008	0.004	0.001	0.0	0.001	0.004	0.022	0.002	0.001	0.0	0.001	0.0	0.005	0.005	0.004	0.001	0.002	0.004	0.046	0.003	0.011	0.072	0.0	0.004	0.008	0.003	0.004	0.004	0.004	0.013	0.024	0.005	0.008	0.0	0.002	0.009	0.0	0.054	0.002	0.001	0.013	0.018	0.004	0.005	0.011	0.003	0.007	0.005	0.011	0.017	0.026	0.03	0.008
k__Bacteria;p__Tenericutes;c__Mollicutes	0.0	0.0	0.0	0.001	0.0	0.002	0.004	0.004	0.005	0.0	0.0	0.009	0.002	0.0	0.002	0.0	0.0	0.0	0.001	0.006	0.004	0.001	0.0	0.001	0.0	0.007	0.004	0.0	0.006	0.005	0.001	0.0	0.0	0.004	0.0	0.013	0.0	0.015	0.0	0.0	0.002	0.002	0.003	0.001	0.006	0.0	0.0	0.0	0.009	0.004	0.011	0.0	0.0	0.007	0.001	0.013	0.0	0.001	0.0	0.0	0.0	0.0	0.001	0.0	0.001	0.0	0.002	0.0	0.0	0.001	0.0	0.0	0.001	0.0	0.0	0.001	0.0	0.003	0.0	0.0	0.001	0.0	0.0	0.001	0.0	0.0	0.0	0.0	0.002	0.002	0.0	0.0