	PD_whole_tree	chao1	observed_otus
100001.518462	33.31144	1824.43157895	742.0
100003.518448	39.72494	1898.47945205	898.0
100009.518585	18.13263	742.818181818	391.0
100015.518484	37.73294	1596.94680851	718.0
100016.518511	36.66122	1792.40718563	908.0
100043.518608	23.88029	1085.14705882	490.0
100046.518563	32.67734	1471.37984496	743.0
100047.518573	31.85528	1464.32142857	723.0
100048.518556	27.70892	1184.89090909	636.0
100049.518571	46.85411	1585.02	872.0
100051.518513	37.20333	1677.70833333	866.0
100052.518548	27.46591	1094.20792079	620.0
100058.518558	31.62957	1336.25	673.0
100060.518463	30.55531	1229.375	662.0
100062.518413	35.31592	1523.64	765.0
100065.518569	33.11361	1289.2	643.0
100068.518524	35.13965	1679.89208633	870.0
100070.518622	24.44905	1099.08450704	517.0
100071.518514	37.38975	1751.85106383	860.0
100072.518459	33.78839	1673.66666667	787.0
100074.518549	39.71522	1747.06716418	853.0
100075.518638	21.13714	880.253012048	487.0
100077.518436	44.42904	2301.15	1009.0
100078.518434	48.00321	2380.39285714	1082.0
100079.518554	17.51803	719.193548387	395.0
100080.518564	40.79744	1561.41666667	841.0
100083.518623	38.49759	1796.66451613	916.0
100084.518559	34.65012	1591.26865672	800.0
100085.518596	29.95267	1428.40707965	708.0
100086.518445	43.47868	2075.74	1006.0
100087.518466	29.58745	1454.91935484	718.0
100088.518508	30.24319	1249.32291667	624.0
100089.518493	41.29556	1904.72727273	973.0
100090.518522	28.4247	1358.91764706	628.0
100091.518616	33.34667	1478.39416058	767.0
100092.518547	38.53737	1667.0591716	893.0
100095.518439	29.05729	1279.54761905	723.0
100096.518617	36.48795	1715.82352941	867.0
100099.518597	39.74583	1702.45	871.0
100100.518579	17.84209	605.119402985	370.0
100101.518475	34.97799	1636.7	851.0
100102.518495	37.30655	1910.57024793	863.0
100104.518418	37.21386	1836.81034483	825.0
100105.518417	47.29087	2295.06338028	987.0
100106.518634	37.3999	1680.62773723	838.0
100107.518577	42.51257	1694.70454545	928.0
100109.518535	38.858	1586.20945946	851.0
100115.518501	13.24031	480.308823529	331.0
100117.518496	24.93976	1070.93670886	507.0
100128.518606	34.79809	1337.00588235	802.0
100139.518500	1.47469	14.5	7.0
100143.518580	32.81063	1385.27118644	709.0
100144.518438	34.65063	1454.88888889	815.0
100150.518562	32.97159	1604.1796875	783.0
100151.518550	33.98185	1524.51973684	833.0
100154.518504	38.52872	1530.12765957	820.0
100155.518528	33.71531	1478.50684932	826.0
100156.518612	29.3651	1109.04347826	637.0
100157.518518	2.5252	105.0	14.0
100158.518625	36.78423	1748.11278195	851.0
100160.518588	8.61966	405.027027027	243.0
100161.518473	44.76417	1779.63095238	964.0
100162.518486	37.8335	1575.16326531	857.0
100163.518435	24.15541	1064.2247191	567.0
100164.518477	28.99308	1146.18584071	657.0
100165.518637	38.53727	1832.88888889	927.0
100166.518474	37.70825	1645.40740741	829.0
100167.518552	26.09351	984.679012346	499.0
100168.518433	35.33552	1635.73426573	865.0
100169.518565	19.37868	887.833333333	417.0
100170.518505	30.53305	1614.85046729	704.0
100171.518431	41.90741	2124.6744186	920.0
100172.518574	39.31653	1913.47524752	780.0
100173.518499	40.81712	1759.69364162	934.0
100174.518479	17.72049	679.133333333	305.0
100175.518515	15.20546	668.071428571	322.0
100176.518428	21.47425	838.538461538	491.0
100177.518639	23.57641	810.655737705	430.0
100178.518498	39.90195	1771.77692308	816.0
100180.518633	27.31241	1042.42105263	625.0
100181.518440	42.63973	1752.45205479	898.0
100182.518578	34.4622	1980.73873874	816.0
100183.518534	37.9082	1793.48888889	862.0
100184.518455	25.95378	1095.90526316	595.0
100187.518520	14.38955	606.418181818	320.0
100188.518595	27.13199	1188.65168539	575.0
100190.518464	30.14481	1302.41322314	701.0
100191.518602	33.90769	1406.50925926	675.0
100192.518621	18.54342	707.929577465	422.0
100195.518533	41.65116	1880.61538462	904.0
100196.518609	27.53491	1336.42857143	630.0
100197.518442	28.31203	1056.0990099	588.0
100198.518598	26.39365	1009.5	579.0
100200.518491	32.24924	1303.75862069	696.0
100202.518422	26.70265	1011.42307692	631.0
100203.518476	30.02305	1348.55882353	650.0
100204.518576	30.0342	1264.89320388	641.0
100205.518470	25.93488	1052.24137931	634.0
100206.518507	20.6374	821.0	458.0
100207.518411	40.69492	1726.00689655	893.0
100209.518521	19.48011	793.0	454.0
100210.518471	21.22309	793.407407407	496.0
100211.518437	17.57906	715.716666667	374.0
100212.518635	33.34147	1517.3125	790.0
100214.518546	28.73237	1157.88679245	611.0
100216.518525	27.64205	961.081632653	585.0
100217.518532	32.87999	1318.22123894	691.0
100219.518561	25.25954	1170.59813084	632.0
100220.518611	34.72763	1385.76470588	748.0
100221.518509	18.90978	728.666666667	450.0
100222.518527	34.27586	1553.93939394	792.0
100224.518460	42.98163	1932.7218543	951.0
100225.518544	31.35154	1375.94594595	710.0
100226.518568	38.39078	1480.52941176	796.0
100227.518592	27.34426	1027.84955752	604.0
100228.518607	37.30512	1424.45038168	775.0
100229.518461	45.12079	2115.45930233	1032.0
100233.518613	36.64377	1312.11494253	634.0
100234.518587	24.73315	986.80952381	571.0
7003A.518421	15.83867	656.20754717	342.0
7003B.518502	13.01026	406.027777778	211.0
7007.518570	10.98516	319.0	205.0
7010.518553	10.94635	365.260869565	167.0
7016.518555	8.92377	234.555555556	108.0
7018.518543	16.86649	566.019607843	341.0
7021.518414	36.32057	1550.8880597	807.0
7022.518408	15.34602	558.857142857	282.0
7035.518441	18.77871	690.220338983	363.0
7037.518494	44.49519	1690.80571429	1009.0
7039.518631	21.25261	810.294117647	355.0
7043.518584	35.56851	1303.35087719	711.0
7049.518541	17.5344	415.738095238	240.0
7052.518627	22.11227	906.168539326	522.0
7059.518423	10.58423	260.037037037	143.0
7061.518629	12.07283	384.396226415	265.0
7064.518605	12.03143	442.216216216	246.0
7072.518488	18.42404	552.080645161	379.0
7077A.518619	9.29785	211.769230769	89.0
7077B.518429	15.28309	454.8	188.0
7079.518420	21.8639	704.701754386	345.0
7085.518538	27.91435	1263.94174757	711.0
7094A.518503	5.06011	111.1	55.0
7094B.518430	11.47988	424.035714286	194.0
7094C.518506	8.7847	303.75	155.0
7095.518539	3.15854	16.5	9.0
7097.518454	24.18386	921.202531646	495.0
7102.518624	29.45438	1142.52307692	730.0
7111.518557	19.7917	799.818181818	343.0
7116.518582	17.58451	573.468085106	296.0
7117.518601	43.43482	2081.63934426	1145.0
7123.518425	50.29106	2103.52970297	1205.0
7124.518456	24.81298	967.413793103	512.0
7125.518489	14.68887	417.333333333	195.0
7126.518593	27.81309	1146.18320611	759.0
7129.518517	39.23494	1455.15555556	828.0
7130.518412	25.12516	968.259259259	584.0
7134.518478	14.69577	435.243902439	237.0
7135.518591	15.84105	574.753623188	395.0
7141.518426	23.28151	776.93258427	468.0
7145.518545	19.36265	924.527777778	355.0
7153.518481	30.06498	1128.02238806	703.0
7154.518540	37.41368	1722.57823129	934.0
7156.518603	37.43812	1370.32432432	725.0
7160.518450	15.98476	616.875	345.0
7164.518567	18.65584	724.210526316	491.0
7168.518409	28.13842	1174.01176471	566.0
7174.518530	33.21913	1189.224	747.0
7175A.518465	21.49296	773.388888889	398.0
7175B.518531	20.7145	708.368421053	400.0
7178A.518497	15.20684	476.837209302	257.0
7178B.518427	20.88651	697.981132075	330.0
7181.518444	18.6152	754.551724138	408.0
7185.518510	30.09644	1232.16393443	757.0
7200.518492	22.38064	796.109756098	505.0
7221.518407	49.06621	1861.00487805	1172.0
7225.518586	13.98213	460.0	259.0
7228.518575	23.48328	902.682692308	601.0
7233.518551	12.73606	298.315789474	132.0
7242A.518519	7.81789	151.111111111	60.0
7242B.518626	9.28847	242.0	108.0
7250.518632	34.53066	1547.60344828	967.0
7251.518620	32.331	1422.28358209	862.0
7265.518485	51.8952	1989.56976744	1115.0
7267.518468	16.88168	622.5	359.0
7284.518415	14.29113	479.022222222	272.0
7287.518604	16.21477	535.926829268	267.0
7295.518416	16.2823	697.1	353.0
7298.518487	21.72734	768.75862069	394.0
7313.518451	27.72202	934.12345679	499.0
7325.518490	12.34745	430.791666667	181.0
7347.518482	9.90927	236.12	131.0
7352.518512	5.82387	190.0	45.0
7355.518516	21.38463	649.515625	357.0
7356.518615	27.95167	1293.5	542.0
7360.518446	13.19152	379.214285714	169.0
7361.518432	14.05996	470.666666667	239.0
7365.518636	32.86613	1080.57142857	544.0
7385.518529	15.78781	342.0	194.0
7429.518443	17.92008	732.12244898	326.0
7454.518419	10.47082	212.2	102.0
7584.518542	19.97953	638.611111111	320.0
7594.518572	11.20252	344.9	211.0
7610.518590	15.57759	590.024390244	256.0
7614.518614	10.6313	379.111111111	173.0
7615.518480	10.44805	284.111111111	155.0
7621.518630	26.21589	962.5625	520.0
7624.518453	17.92315	708.837209302	330.0
7632.518526	17.22206	534.170212766	290.0
7646.518523	3.98187	49.0	19.0
7662.518467	25.58359	744.868421053	425.0
7664.518599	31.38116	1285.65625	620.0
7749.518424	14.02547	534.56	302.0
7775.518537	20.52095	928.022222222	373.0
7844.518483	38.59876	1606.26923077	857.0
7847.518410	40.68489	2088.25641026	997.0
7848.518594	44.20864	2038.49668874	957.0
7855.518447	42.36976	1918.37931034	911.0
7858.518581	31.59671	918.327272727	553.0
7859.518618	26.85982	1060.66666667	518.0
7860.518628	34.70719	1373.57575758	766.0
7861.518583	41.72326	1686.40555556	985.0
7862.518458	40.06466	1780.28571429	949.0
7870.518457	38.98733	1624.23529412	831.0
7871.518452	8.29762	197.055555556	92.0
7879.518469	40.41576	1609.25862069	788.0
7899.518560	34.52137	1516.08403361	741.0
7904.518600	33.81034	1370.76470588	733.0
7906.518589	37.40362	1664.61146497	889.0
7908.518449	36.67135	1615.97159091	910.0
7909.518566	28.08987	1083.24193548	480.0
7910.518536	42.12311	1794.97340426	1038.0
7911.518610	35.07132	1586.28467153	839.0
7912.518472	45.85226	1900.85106383	1020.0
