Feature_id	Mean_decrease_in_accuracy	Standard_deviation
189721	0.0122612244222925	NA
171617	0.0106715718835688	NA
337724	0.00855038633537085	NA
214919	0.0083169691763345	NA
1106614	0.00752710263592617	NA
311286	0.00616121931903666	NA
175706	0.00604950611823677	NA
306275	0.0058363828551909	NA
1106862	0.00580576563958917	NA
215751	0.00513944174160892	NA
177427	0.00480037849147756	NA
261350	0.00446820312470467	NA
349798	0.00444215463758807	NA
204088	0.00376748006895066	NA
194628	0.0034278591463576	NA
265793	0.00342553884024472	NA
113397	0.00322115290110646	NA
198686	0.00290415650740728	NA
161993	0.00284122636909015	NA
266860	0.00280698928694285	NA
1992	0.00264462750012286	NA
179157	0.00261181139122316	NA
321972	0.00259199346405229	NA
228391	0.00251637426900585	NA
196947	0.00243381152730998	NA
228310	0.00222291021671827	NA
2435303	0.0022058374631904	NA
427241	0.00215155334861217	NA
214360	0.00212833889536676	NA
182583	0.00211693457900888	NA
185441	0.00197756079489826	NA
228601	0.0019605334981496	NA
205160	0.00196018600422625	NA
192852	0.00193028404344194	NA
4403349	0.00192405967785225	NA
186760	0.00192140522875817	NA
183985	0.00187248882008944	NA
190652	0.00181449211263453	NA
569581	0.00181069094304388	NA
833390	0.00168230502727407	NA
335881	0.00164519185664697	NA
4327323	0.0016262595591543	NA
174651	0.00155404933903386	NA
189907	0.00152274955866287	NA
163862	0.00151667683022172	NA
332608	0.00151354980588727	NA
194490	0.00142201090962701	NA
260205	0.00141243086978381	NA
189843	0.00139623644329527	NA
4449524	0.00138127325890484	NA
3172949	0.00136983065953654	NA
160720	0.00135068799449604	NA
779847	0.00135032679738562	NA
198026	0.00134569710475283	NA
4343528	0.00134502801120448	NA
318162	0.00127211410880142	NA
179427	0.00124230797582191	NA
275631	0.00123984593837535	NA
265029	0.00123959899749373	NA
214159	0.00121052966641202	NA
309302	0.00120918472652219	NA
443945	0.00119933118996586	NA
2901239	0.0011921900339083	NA
273401	0.00118626373626374	NA
336810	0.0011844169246646	NA
198753	0.00116802054154995	NA
273741	0.00116589512998182	NA
290637	0.0011594169246646	NA
276386	0.00115344365816502	NA
264093	0.00114439653054204	NA
210056	0.00113694039019116	NA
262752	0.00112568799449604	NA
188878	0.00109462808433397	NA
4390755	0.00109354513735319	NA
262825	0.00108308100568162	NA
334328	0.00104235466116271	NA
571242	0.00103393901420217	NA
318395	0.00102909753645048	NA
177539	0.00101973684210526	NA
198865	0.00101148459383753	NA
266120	0.00100383925500025	NA
176582	0.000982223942208462	NA
189387	0.000962663067926226	NA
310751	0.00095621453709689	NA
206213	0.000955951152390781	NA
451273	0.000942669172932331	NA
185550	0.00093203842940685	NA
189327	0.000922488820089439	NA
167509	0.000893164283257163	NA
183927	0.000883392304290137	NA
529192	0.000880724624532674	NA
277208	0.000871572871572872	NA
3529330	0.000857142857142857	NA
313757	0.000840120663650075	NA
269103	0.000824434389140271	NA
372622	0.000818528693528693	NA
179265	0.000801900584795322	NA
207284	0.000800020885547201	NA
191318	0.000789284485724114	NA
272978	0.000742447138344971	NA
182037	0.000723411469851098	NA
307416	0.000699044462589354	NA
4327881	0.000689284485724114	NA
181166	0.000680778371954843	NA
266546	0.000673890608875129	NA
328905	0.000668627450980392	NA
4297109	0.000663257408226448	NA
452014	0.000660818713450292	NA
275339	0.00062015455304929	NA
307802	0.000614704653791341	NA
264489	0.000610714285714286	NA
187153	0.000606639146886825	NA
266595	0.000577777777777778	NA
263933	0.000576068376068376	NA
260927	0.000572012138188609	NA
210383	0.000553173374613003	NA
177371	0.000525898078529657	NA
173739	0.000517647058823529	NA
175458	0.000503968253968254	NA
266255	5e-04	NA
313431	0.00047719298245614	NA
1107461	0.000472910216718266	NA
262454	0.000472222222222222	NA
305127	0.000470588235294118	NA
276195	0.000464869281045752	NA
175646	0.000463992088063295	NA
178546	0.000461111111111111	NA
180471	0.000461111111111111	NA
2374993	0.000455555555555556	NA
1571092	0.000454970760233918	NA
1110766	0.000453311394487865	NA
661055	0.000452429149797571	NA
170555	0.00043859649122807	NA
265706	0.000435592185592186	NA
353982	0.000435294117647059	NA
404691	0.000424789915966387	NA
336844	0.000409523809523809	NA
276761	0.000408933343917864	NA
353964	0.000405451127819549	NA
187759	0.000402930402930403	NA
2120775	4e-04	NA
176868	0.000396929824561403	NA
332776	0.000384313725490196	NA
274136	0.000384313725490196	NA
209028	0.000373424648966445	NA
406247	0.000362091503267974	NA
270391	0.000361111111111111	NA
252684	0.000360294117647059	NA
177453	0.000360294117647059	NA
174274	0.00036019536019536	NA
273364	0.000357726423902894	NA
4449525	0.000355951152390781	NA
177512	0.000355263157894737	NA
339622	0.000347222222222222	NA
178314	0.000335294117647059	NA
196672	0.00032875816993464	NA
190971	0.000327485380116959	NA
390820	0.00032719298245614	NA
827376	0.000323809523809524	NA
839558	0.000322222222222222	NA
328276	0.000310526315789474	NA
1835985	0.000307692307692308	NA
319196	3e-04	NA
331013	0.000287179487179487	NA
267045	0.000285714285714286	NA
206494	0.000271493212669683	NA
270039	0.000266666666666667	NA
195711	0.000266666666666667	NA
1743216	0.000266666666666667	NA
1107799	0.000266666666666667	NA
4455677	0.000265056022408964	NA
353453	0.000258333333333333	NA
303479	0.000258333333333333	NA
206790	0.000258333333333333	NA
261325	0.000256535947712418	NA
174590	0.000255746738641475	NA
311718	0.000250980392156863	NA
275131	0.000250980392156863	NA
277215	0.00025	NA
276509	0.00025	NA
269777	0.00025	NA
234054	0.00025	NA
189703	0.00025	NA
182576	0.00025	NA
199532	0.000249183006535948	NA
211761	0.000242857142857143	NA
263203	0.000242647058823529	NA
258995	0.00023859649122807	NA
337561	0.000235736399823087	NA
317653	0.000235294117647059	NA
300143	0.000235294117647059	NA
275483	0.000235294117647059	NA
228798	0.000235294117647059	NA
186773	0.000235294117647059	NA
1105376	0.000231535947712418	NA
268155	0.000230263157894737	NA
269815	0.000228758169934641	NA
211743	0.000228758169934641	NA
262677	0.000222910216718266	NA
44827	0.000222222222222222	NA
304047	0.000220588235294118	NA
352171	0.000220238095238095	NA
272290	0.000216374269005848	NA
209712	0.000216374269005848	NA
192255	0.000214869281045752	NA
312322	0.000210526315789474	NA
263687	0.000210526315789474	NA
259916	0.000209021327829377	NA
1844553	0.000205263157894737	NA
319909	0.000203173374613003	NA
263106	0.000202865761689291	NA
196578	2e-04	NA
190483	2e-04	NA
189397	0.000195238095238095	NA
325182	0.000194152046783626	NA
228374	0.000183625730994152	NA
310409	0.000182692307692308	NA
260456	0.000181818181818182	NA
198194	0.000170050125313283	NA
181267	0.00016984126984127	NA
173807	0.000166666666666667	NA
272192	0.000153846153846154	NA
36503	0.000153846153846154	NA
270385	0.000153070175438597	NA
833816	0.000152777777777778	NA
197644	0.000149393090569561	NA
325540	0.000142857142857143	NA
324595	0.000142857142857143	NA
293818	0.000142857142857143	NA
271815	0.000142857142857143	NA
191822	0.000142857142857143	NA
270446	0.000138888888888889	NA
209030	0.000136321195144725	NA
350188	0.000133333333333333	NA
328383	0.000133333333333333	NA
312814	0.000133333333333333	NA
312062	0.000133333333333333	NA
259870	0.000133333333333333	NA
177087	0.000133333333333333	NA
176298	0.000133333333333333	NA
4432234	0.000131868131868132	NA
184517	0.00012875816993464	NA
259012	0.0001265651874785	NA
445144	0.000125	NA
400443	0.000125	NA
333695	0.000125	NA
331150	0.000125	NA
304466	0.000125	NA
291750	0.000125	NA
276414	0.000125	NA
268112	0.000125	NA
234269	0.000125	NA
232975	0.000125	NA
194478	0.000125	NA
194429	0.000125	NA
182361	0.000125	NA
175272	0.000125	NA
795773	0.000125	NA
2897325	0.000125	NA
1105751	0.000125	NA
829032	0.000125	NA
1106892	0.000125	NA
265322	0.000120949432404541	NA
355905	0.000117647058823529	NA
345063	0.000117647058823529	NA
317633	0.000117647058823529	NA
276721	0.000117647058823529	NA
272175	0.000117647058823529	NA
271689	0.000117647058823529	NA
270988	0.000117647058823529	NA
266223	0.000117647058823529	NA
199731	0.000117647058823529	NA
197074	0.000117647058823529	NA
197013	0.000117647058823529	NA
182079	0.000117647058823529	NA
176410	0.000117647058823529	NA
176212	0.000117647058823529	NA
174683	0.000117647058823529	NA
662422	0.000117647058823529	NA
4373641	0.000117647058823529	NA
730939	0.000117647058823529	NA
589475	0.000116830065359477	NA
268063	0.000113888888888889	NA
193620	0.000112091503267974	NA
355746	0.000111111111111111	NA
349310	0.000111111111111111	NA
331491	0.000111111111111111	NA
276810	0.000111111111111111	NA
270571	0.000111111111111111	NA
268410	0.000111111111111111	NA
214715	0.000111111111111111	NA
214116	0.000111111111111111	NA
210292	0.000111111111111111	NA
199445	0.000111111111111111	NA
198243	0.000111111111111111	NA
188187	0.000111111111111111	NA
188112	0.000111111111111111	NA
184470	0.000111111111111111	NA
182995	0.000111111111111111	NA
167514	0.000111111111111111	NA
3851578	0.000111111111111111	NA
4396298	0.000111111111111111	NA
4407190	0.000111111111111111	NA
556126	0.00010715930096735	NA
336736	0.000105263157894737	NA
312440	0.000105263157894737	NA
275746	0.000105263157894737	NA
259293	0.000105263157894737	NA
259096	0.000105263157894737	NA
196085	0.000105263157894737	NA
193859	0.000105263157894737	NA
192475	0.000105263157894737	NA
189293	0.000105263157894737	NA
204171	0.000104575163398693	NA
196815	0.000101960784313725	NA
356657	1e-04	NA
259271	1e-04	NA
835900	1e-04	NA
277512	9.52380952380952e-05	NA
272209	9.52380952380952e-05	NA
186024	9.52380952380952e-05	NA
173245	9.52380952380952e-05	NA
174757	9.26470588235294e-05	NA
262527	9.09090909090909e-05	NA
186555	8.95768833849329e-05	NA
266976	8.43137254901961e-05	NA
323501	8.23529411764706e-05	NA
298536	8.1447963800905e-05	NA
180584	7.93650793650794e-05	NA
176119	6.14274614274614e-05	NA
175573	5.3475935828877e-05	NA
331720	4.40709617180205e-05	NA
356404	3.8961038961039e-05	NA
180092	3.61990950226244e-05	NA
274438	3.2967032967033e-05	NA
301578	3.17460317460317e-05	NA
176925	3.17460317460317e-05	NA
324849	2.88461538461539e-05	NA
174255	2.7972027972028e-05	NA
830014	2.73809523809524e-05	NA
273431	2.40196078431373e-05	NA
274297	2.04248366013072e-05	NA
307608	1.76470588235294e-05	NA
179343	1.76470588235294e-05	NA
197410	1.56862745098039e-05	NA
329712	8.33333333333333e-06	NA
327656	7.35294117647059e-06	NA
277120	7.35294117647059e-06	NA
196349	7.35294117647059e-06	NA
4357315	5.84795321637427e-06	NA
267366	1.96078431372548e-06	NA
331486	1.76510795705839e-06	NA
1111448	0	NA
1110412	0	NA
1108078	0	NA
1107759	0	NA
1107057	0	NA
1105343	0	NA
1105038	0	NA
1062061	0	NA
1058815	0	NA
1051764	0	NA
995155	0	NA
957330	0	NA
921813	0	NA
896489	0	NA
876705	0	NA
846477	0	NA
845273	0	NA
842596	0	NA
839200	0	NA
838200	0	NA
837859	0	NA
833502	0	NA
827689	0	NA
826303	0	NA
825939	0	NA
813654	0	NA
801995	0	NA
799034	0	NA
797021	0	NA
772398	0	NA
761968	0	NA
741001	0	NA
739826	0	NA
729559	0	NA
716006	0	NA
697874	0	NA
662674	0	NA
659831	0	NA
653533	0	NA
652823	0	NA
646499	0	NA
637409	0	NA
634449	0	NA
617833	0	NA
593980	0	NA
590951	0	NA
589622	0	NA
587753	0	NA
586453	0	NA
585073	0	NA
584020	0	NA
579658	0	NA
578649	0	NA
578016	0	NA
577512	0	NA
576400	0	NA
574551	0	NA
574302	0	NA
574122	0	NA
573110	0	NA
569872	0	NA
569522	0	NA
565625	0	NA
564771	0	NA
564290	0	NA
561312	0	NA
557570	0	NA
557381	0	NA
553150	0	NA
552651	0	NA
549499	0	NA
548692	0	NA
548161	0	NA
547555	0	NA
545473	0	NA
544419	0	NA
543614	0	NA
542857	0	NA
542126	0	NA
539820	0	NA
539688	0	NA
538947	0	NA
537548	0	NA
535829	0	NA
533969	0	NA
533480	0	NA
532118	0	NA
531888	0	NA
529764	0	NA
528756	0	NA
527751	0	NA
527413	0	NA
527032	0	NA
525763	0	NA
525474	0	NA
522549	0	NA
522433	0	NA
520775	0	NA
519398	0	NA
519290	0	NA
517252	0	NA
516576	0	NA
515511	0	NA
514996	0	NA
514640	0	NA
514299	0	NA
514282	0	NA
514192	0	NA
513532	0	NA
513080	0	NA
511234	0	NA
510843	0	NA
510593	0	NA
466409	0	NA
465079	0	NA
463843	0	NA
463289	0	NA
462764	0	NA
461795	0	NA
454363	0	NA
453896	0	NA
453405	0	NA
452592	0	NA
450047	0	NA
449833	0	NA
449417	0	NA
449353	0	NA
448025	0	NA
446135	0	NA
442846	0	NA
441468	0	NA
440840	0	NA
439437	0	NA
438304	0	NA
436341	0	NA
434089	0	NA
423830	0	NA
422727	0	NA
422283	0	NA
420345	0	NA
417981	0	NA
416286	0	NA
416078	0	NA
416043	0	NA
413996	0	NA
413695	0	NA
409947	0	NA
408513	0	NA
405780	0	NA
401717	0	NA
401384	0	NA
400871	0	NA
399606	0	NA
398255	0	NA
397444	0	NA
397363	0	NA
397065	0	NA
396109	0	NA
390896	0	NA
390497	0	NA
389529	0	NA
388808	0	NA
387615	0	NA
386977	0	NA
385545	0	NA
384555	0	NA
383659	0	NA
382998	0	NA
382220	0	NA
381219	0	NA
378273	0	NA
377756	0	NA
376516	0	NA
375106	0	NA
374503	0	NA
373923	0	NA
373689	0	NA
373449	0	NA
369827	0	NA
368318	0	NA
367977	0	NA
366584	0	NA
365492	0	NA
364034	0	NA
363127	0	NA
363017	0	NA
362997	0	NA
362958	0	NA
361972	0	NA
361927	0	NA
361845	0	NA
361375	0	NA
360861	0	NA
360808	0	NA
360660	0	NA
358483	0	NA
357471	0	NA
357449	0	NA
356632	0	NA
356590	0	NA
356226	0	NA
356148	0	NA
356138	0	NA
356055	0	NA
355940	0	NA
355939	0	NA
355822	0	NA
355697	0	NA
355621	0	NA
355440	0	NA
355175	0	NA
355019	0	NA
354971	0	NA
354957	0	NA
354905	0	NA
354612	0	NA
354163	0	NA
354097	0	NA
353923	0	NA
353711	0	NA
353657	0	NA
353593	0	NA
353195	0	NA
353131	0	NA
352902	0	NA
352843	0	NA
352825	0	NA
352812	0	NA
352799	0	NA
352559	0	NA
352445	0	NA
352262	0	NA
352192	0	NA
352022	0	NA
352013	0	NA
351972	0	NA
351881	0	NA
351794	0	NA
351593	0	NA
351449	0	NA
351447	0	NA
351309	0	NA
351272	0	NA
351253	0	NA
350404	0	NA
350392	0	NA
350381	0	NA
350320	0	NA
349971	0	NA
349862	0	NA
349809	0	NA
349783	0	NA
349539	0	NA
349537	0	NA
349459	0	NA
349458	0	NA
349372	0	NA
349246	0	NA
349036	0	NA
348875	0	NA
348800	0	NA
348785	0	NA
348743	0	NA
348659	0	NA
348617	0	NA
348508	0	NA
348404	0	NA
348393	0	NA
348313	0	NA
348227	0	NA
348142	0	NA
348038	0	NA
348009	0	NA
347991	0	NA
347822	0	NA
347783	0	NA
347655	0	NA
347337	0	NA
347226	0	NA
346804	0	NA
346764	0	NA
346595	0	NA
346525	0	NA
346474	0	NA
346299	0	NA
346267	0	NA
346119	0	NA
345986	0	NA
345913	0	NA
345860	0	NA
345557	0	NA
345301	0	NA
345211	0	NA
345208	0	NA
345126	0	NA
344828	0	NA
344706	0	NA
344500	0	NA
344329	0	NA
344198	0	NA
344108	0	NA
344085	0	NA
343853	0	NA
343577	0	NA
343420	0	NA
343183	0	NA
343130	0	NA
343030	0	NA
342988	0	NA
342962	0	NA
342788	0	NA
342786	0	NA
342504	0	NA
342489	0	NA
342404	0	NA
342223	0	NA
342014	0	NA
341913	0	NA
341766	0	NA
341752	0	NA
341750	0	NA
341749	0	NA
341453	0	NA
341343	0	NA
341287	0	NA
341284	0	NA
341227	0	NA
341223	0	NA
340873	0	NA
340853	0	NA
340761	0	NA
340690	0	NA
340642	0	NA
340601	0	NA
340600	0	NA
340436	0	NA
340254	0	NA
340162	0	NA
340139	0	NA
339988	0	NA
339905	0	NA
339791	0	NA
339720	0	NA
339718	0	NA
339473	0	NA
339017	0	NA
338887	0	NA
338845	0	NA
338796	0	NA
338778	0	NA
338741	0	NA
338644	0	NA
338553	0	NA
338382	0	NA
338348	0	NA
338345	0	NA
338290	0	NA
338258	0	NA
338232	0	NA
338133	0	NA
338069	0	NA
338039	0	NA
337762	0	NA
337673	0	NA
337511	0	NA
337317	0	NA
336785	0	NA
336692	0	NA
336501	0	NA
336277	0	NA
336247	0	NA
336214	0	NA
336145	0	NA
335952	0	NA
335846	0	NA
335793	0	NA
335508	0	NA
335411	0	NA
335330	0	NA
335312	0	NA
335183	0	NA
334935	0	NA
334870	0	NA
334751	0	NA
334670	0	NA
334619	0	NA
334617	0	NA
334538	0	NA
334365	0	NA
334292	0	NA
334267	0	NA
334040	0	NA
333587	0	NA
333189	0	NA
333079	0	NA
333053	0	NA
332720	0	NA
332587	0	NA
332584	0	NA
332454	0	NA
332132	0	NA
331786	0	NA
331782	0	NA
331772	0	NA
331737	0	NA
331697	0	NA
331688	0	NA
331657	0	NA
331222	0	NA
331193	0	NA
331043	0	NA
330992	0	NA
330921	0	NA
330750	0	NA
330460	0	NA
330389	0	NA
330333	0	NA
330296	0	NA
330076	0	NA
330042	0	NA
329790	0	NA
329678	0	NA
329528	0	NA
328536	0	NA
328391	0	NA
328137	0	NA
327900	0	NA
327818	0	NA
327808	0	NA
327596	0	NA
327486	0	NA
327401	0	NA
327284	0	NA
326968	0	NA
326816	0	NA
326788	0	NA
326749	0	NA
326702	0	NA
326701	0	NA
326567	0	NA
326390	0	NA
326315	0	NA
326116	0	NA
326095	0	NA
325918	0	NA
325726	0	NA
325633	0	NA
325541	0	NA
325539	0	NA
325126	0	NA
324985	0	NA
324926	0	NA
324884	0	NA
324524	0	NA
324244	0	NA
324236	0	NA
324157	0	NA
323668	0	NA
323463	0	NA
323403	0	NA
323189	0	NA
323154	0	NA
322999	0	NA
322870	0	NA
322585	0	NA
322564	0	NA
322433	0	NA
321952	0	NA
321722	0	NA
321484	0	NA
321220	0	NA
321195	0	NA
321182	0	NA
321086	0	NA
320912	0	NA
320835	0	NA
320490	0	NA
320369	0	NA
320169	0	NA
320123	0	NA
319702	0	NA
319525	0	NA
319219	0	NA
319214	0	NA
319153	0	NA
318818	0	NA
318764	0	NA
318396	0	NA
318370	0	NA
318369	0	NA
318343	0	NA
318231	0	NA
317399	0	NA
317104	0	NA
317045	0	NA
316925	0	NA
316892	0	NA
316842	0	NA
316761	0	NA
316731	0	NA
316629	0	NA
316433	0	NA
316428	0	NA
316321	0	NA
316008	0	NA
315974	0	NA
315880	0	NA
315693	0	NA
315684	0	NA
315390	0	NA
315200	0	NA
315189	0	NA
315147	0	NA
314963	0	NA
314703	0	NA
314639	0	NA
314621	0	NA
314284	0	NA
314152	0	NA
314110	0	NA
313878	0	NA
313724	0	NA
313685	0	NA
313578	0	NA
313524	0	NA
313499	0	NA
313387	0	NA
313274	0	NA
313130	0	NA
312665	0	NA
312588	0	NA
312515	0	NA
312455	0	NA
312325	0	NA
312217	0	NA
312145	0	NA
312027	0	NA
311724	0	NA
311677	0	NA
311172	0	NA
311078	0	NA
310945	0	NA
310886	0	NA
310760	0	NA
310748	0	NA
309801	0	NA
309363	0	NA
309361	0	NA
309249	0	NA
309206	0	NA
308567	0	NA
308510	0	NA
308495	0	NA
308308	0	NA
308224	0	NA
307903	0	NA
307526	0	NA
306914	0	NA
306866	0	NA
306755	0	NA
306545	0	NA
306469	0	NA
306299	0	NA
306091	0	NA
306066	0	NA
306062	0	NA
305880	0	NA
305853	0	NA
305803	0	NA
305313	0	NA
305152	0	NA
305143	0	NA
304480	0	NA
304080	0	NA
303937	0	NA
303898	0	NA
303866	0	NA
303844	0	NA
303841	0	NA
303703	0	NA
303491	0	NA
303414	0	NA
303184	0	NA
303137	0	NA
303076	0	NA
303006	0	NA
302909	0	NA
302902	0	NA
302641	0	NA
302513	0	NA
302491	0	NA
302160	0	NA
301862	0	NA
301585	0	NA
301549	0	NA
301498	0	NA
301218	0	NA
300865	0	NA
300618	0	NA
300491	0	NA
300486	0	NA
299883	0	NA
299741	0	NA
299184	0	NA
299171	0	NA
299070	0	NA
299059	0	NA
298942	0	NA
298670	0	NA
298632	0	NA
298562	0	NA
298254	0	NA
297904	0	NA
297872	0	NA
297831	0	NA
297796	0	NA
297509	0	NA
296731	0	NA
296558	0	NA
296187	0	NA
296045	0	NA
296041	0	NA
295938	0	NA
295854	0	NA
295494	0	NA
295356	0	NA
295344	0	NA
295251	0	NA
295023	0	NA
294302	0	NA
294255	0	NA
293697	0	NA
293128	0	NA
293097	0	NA
293049	0	NA
293013	0	NA
292892	0	NA
292749	0	NA
292745	0	NA
292181	0	NA
291147	0	NA
291090	0	NA
290900	0	NA
290769	0	NA
290442	0	NA
290343	0	NA
290210	0	NA
290005	0	NA
289929	0	NA
289918	0	NA
289788	0	NA
289707	0	NA
289597	0	NA
289306	0	NA
289304	0	NA
288930	0	NA
288496	0	NA
288442	0	NA
288379	0	NA
287855	0	NA
287826	0	NA
287544	0	NA
287507	0	NA
283117	0	NA
279492	0	NA
279387	0	NA
279344	0	NA
279115	0	NA
278901	0	NA
278731	0	NA
278675	0	NA
278563	0	NA
278506	0	NA
278123	0	NA
277922	0	NA
277729	0	NA
277588	0	NA
277574	0	NA
277396	0	NA
277388	0	NA
277349	0	NA
277293	0	NA
277265	0	NA
277204	0	NA
277202	0	NA
277200	0	NA
276941	0	NA
276834	0	NA
276770	0	NA
276769	0	NA
276762	0	NA
276629	0	NA
276597	0	NA
276572	0	NA
276542	0	NA
276531	0	NA
276325	0	NA
276312	0	NA
276302	0	NA
276141	0	NA
276052	0	NA
276037	0	NA
275974	0	NA
275950	0	NA
275881	0	NA
275707	0	NA
275676	0	NA
275653	0	NA
275616	0	NA
275592	0	NA
275563	0	NA
275543	0	NA
275511	0	NA
275474	0	NA
275423	0	NA
275397	0	NA
275349	0	NA
275321	0	NA
275305	0	NA
275194	0	NA
275138	0	NA
275123	0	NA
275085	0	NA
274958	0	NA
274901	0	NA
274844	0	NA
274521	0	NA
274380	0	NA
274318	0	NA
274312	0	NA
274289	0	NA
274274	0	NA
274148	0	NA
274115	0	NA
273937	0	NA
273928	0	NA
273905	0	NA
273902	0	NA
273784	0	NA
273778	0	NA
273686	0	NA
273649	0	NA
273648	0	NA
273600	0	NA
273479	0	NA
273376	0	NA
273320	0	NA
273182	0	NA
273091	0	NA
273084	0	NA
272980	0	NA
272953	0	NA
272949	0	NA
272905	0	NA
272878	0	NA
272749	0	NA
272608	0	NA
272595	0	NA
272555	0	NA
272428	0	NA
272341	0	NA
272279	0	NA
272265	0	NA
272170	0	NA
272092	0	NA
272072	0	NA
272060	0	NA
272038	0	NA
272010	0	NA
271880	0	NA
271811	0	NA
271766	0	NA
271737	0	NA
271706	0	NA
271672	0	NA
271544	0	NA
271494	0	NA
271490	0	NA
271482	0	NA
271449	0	NA
271443	0	NA
271353	0	NA
271283	0	NA
271242	0	NA
271131	0	NA
271068	0	NA
271013	0	NA
270993	0	NA
270984	0	NA
270908	0	NA
270764	0	NA
270662	0	NA
270519	0	NA
270491	0	NA
270480	0	NA
270462	0	NA
270423	0	NA
270303	0	NA
270290	0	NA
270165	0	NA
270158	0	NA
270145	0	NA
270059	0	NA
270051	0	NA
270015	0	NA
269992	0	NA
269902	0	NA
269814	0	NA
269803	0	NA
269775	0	NA
269716	0	NA
269657	0	NA
269653	0	NA
269621	0	NA
269585	0	NA
269546	0	NA
269426	0	NA
269418	0	NA
269413	0	NA
269362	0	NA
269156	0	NA
269145	0	NA
269091	0	NA
269056	0	NA
269019	0	NA
268962	0	NA
268933	0	NA
268880	0	NA
268865	0	NA
268844	0	NA
268820	0	NA
268725	0	NA
268696	0	NA
268668	0	NA
268620	0	NA
268596	0	NA
268475	0	NA
268440	0	NA
268372	0	NA
268257	0	NA
268231	0	NA
268124	0	NA
268002	0	NA
267958	0	NA
267935	0	NA
267914	0	NA
267892	0	NA
267769	0	NA
267743	0	NA
267689	0	NA
267612	0	NA
267549	0	NA
267514	0	NA
267502	0	NA
267478	0	NA
267470	0	NA
267388	0	NA
267373	0	NA
267368	0	NA
267110	0	NA
267073	0	NA
267071	0	NA
267042	0	NA
267041	0	NA
266935	0	NA
266862	0	NA
266841	0	NA
266761	0	NA
266694	0	NA
266664	0	NA
266556	0	NA
266413	0	NA
266411	0	NA
266375	0	NA
266247	0	NA
266206	0	NA
266153	0	NA
266061	0	NA
266060	0	NA
265985	0	NA
265958	0	NA
265912	0	NA
265900	0	NA
265828	0	NA
265730	0	NA
265580	0	NA
265522	0	NA
265182	0	NA
265175	0	NA
265129	0	NA
265102	0	NA
265030	0	NA
264941	0	NA
264823	0	NA
264795	0	NA
264787	0	NA
264734	0	NA
264646	0	NA
264536	0	NA
264534	0	NA
264429	0	NA
264372	0	NA
264352	0	NA
264298	0	NA
264240	0	NA
264239	0	NA
264123	0	NA
264101	0	NA
264009	0	NA
263953	0	NA
263907	0	NA
263873	0	NA
263850	0	NA
263839	0	NA
263705	0	NA
263662	0	NA
263612	0	NA
263518	0	NA
263479	0	NA
263403	0	NA
263396	0	NA
263390	0	NA
263380	0	NA
263337	0	NA
263272	0	NA
263252	0	NA
263179	0	NA
263171	0	NA
263165	0	NA
263138	0	NA
263111	0	NA
263107	0	NA
263044	0	NA
262970	0	NA
262944	0	NA
262927	0	NA
262917	0	NA
262809	0	NA
262766	0	NA
262673	0	NA
262634	0	NA
262625	0	NA
262541	0	NA
262537	0	NA
262416	0	NA
262409	0	NA
262399	0	NA
262394	0	NA
262315	0	NA
262166	0	NA
262119	0	NA
262104	0	NA
262102	0	NA
262095	0	NA
261999	0	NA
261908	0	NA
261744	0	NA
261631	0	NA
261551	0	NA
261519	0	NA
261315	0	NA
261277	0	NA
261243	0	NA
261209	0	NA
261177	0	NA
261174	0	NA
261140	0	NA
261076	0	NA
260931	0	NA
260914	0	NA
260890	0	NA
260875	0	NA
260859	0	NA
260855	0	NA
260842	0	NA
260781	0	NA
260753	0	NA
260752	0	NA
260741	0	NA
260705	0	NA
260653	0	NA
260454	0	NA
260410	0	NA
260387	0	NA
260322	0	NA
260207	0	NA
260200	0	NA
260156	0	NA
260140	0	NA
260056	0	NA
259983	0	NA
259922	0	NA
259912	0	NA
259910	0	NA
259846	0	NA
259781	0	NA
259699	0	NA
259625	0	NA
259623	0	NA
259614	0	NA
259609	0	NA
259593	0	NA
259556	0	NA
259536	0	NA
259504	0	NA
259477	0	NA
259335	0	NA
259218	0	NA
259195	0	NA
259173	0	NA
259120	0	NA
259110	0	NA
258980	0	NA
258946	0	NA
258910	0	NA
258877	0	NA
258725	0	NA
258641	0	NA
258559	0	NA
258485	0	NA
258463	0	NA
258412	0	NA
258395	0	NA
258325	0	NA
258250	0	NA
258169	0	NA
255856	0	NA
244484	0	NA
243150	0	NA
239571	0	NA
238570	0	NA
238487	0	NA
236801	0	NA
236736	0	NA
235259	0	NA
233648	0	NA
233191	0	NA
232380	0	NA
232283	0	NA
232273	0	NA
232072	0	NA
231952	0	NA
231563	0	NA
231510	0	NA
231021	0	NA
230725	0	NA
229452	0	NA
229386	0	NA
228972	0	NA
228787	0	NA
228785	0	NA
228479	0	NA
228140	0	NA
228043	0	NA
228029	0	NA
227622	0	NA
227565	0	NA
222851	0	NA
220122	0	NA
217100	0	NA
217096	0	NA
217060	0	NA
216902	0	NA
216710	0	NA
216524	0	NA
216495	0	NA
216279	0	NA
216184	0	NA
215317	0	NA
215018	0	NA
214904	0	NA
214889	0	NA
214835	0	NA
214603	0	NA
214471	0	NA
214120	0	NA
213885	0	NA
213147	0	NA
212732	0	NA
212219	0	NA
212201	0	NA
212170	0	NA
211876	0	NA
211820	0	NA
211494	0	NA
210950	0	NA
210895	0	NA
210867	0	NA
210073	0	NA
209990	0	NA
209475	0	NA
209327	0	NA
208966	0	NA
208486	0	NA
208434	0	NA
208409	0	NA
208280	0	NA
207833	0	NA
207340	0	NA
207288	0	NA
207252	0	NA
206633	0	NA
206421	0	NA
206367	0	NA
206324	0	NA
206186	0	NA
206151	0	NA
205985	0	NA
205846	0	NA
205613	0	NA
205383	0	NA
205134	0	NA
204111	0	NA
204093	0	NA
203970	0	NA
203713	0	NA
203700	0	NA
202454	0	NA
201929	0	NA
199694	0	NA
199600	0	NA
199414	0	NA
199313	0	NA
199286	0	NA
199273	0	NA
199233	0	NA
199181	0	NA
199137	0	NA
199118	0	NA
199067	0	NA
198998	0	NA
198966	0	NA
198904	0	NA
198888	0	NA
198725	0	NA
198690	0	NA
198644	0	NA
198641	0	NA
198604	0	NA
198537	0	NA
198406	0	NA
198271	0	NA
198225	0	NA
198200	0	NA
198127	0	NA
197972	0	NA
197900	0	NA
197891	0	NA
197890	0	NA
197874	0	NA
197867	0	NA
197853	0	NA
197801	0	NA
197782	0	NA
197775	0	NA
197725	0	NA
197537	0	NA
197528	0	NA
197503	0	NA
197126	0	NA
197099	0	NA
197091	0	NA
197038	0	NA
196974	0	NA
196965	0	NA
196913	0	NA
196825	0	NA
196770	0	NA
196697	0	NA
196571	0	NA
196553	0	NA
196390	0	NA
196322	0	NA
196240	0	NA
196211	0	NA
196191	0	NA
196165	0	NA
196054	0	NA
195934	0	NA
195694	0	NA
195622	0	NA
195476	0	NA
195466	0	NA
195433	0	NA
195402	0	NA
195392	0	NA
195350	0	NA
195343	0	NA
195307	0	NA
195221	0	NA
195047	0	NA
194944	0	NA
194878	0	NA
194831	0	NA
194770	0	NA
194710	0	NA
194656	0	NA
194646	0	NA
194286	0	NA
194269	0	NA
194172	0	NA
194145	0	NA
194129	0	NA
194079	0	NA
194053	0	NA
194048	0	NA
194008	0	NA
193840	0	NA
193784	0	NA
193756	0	NA
193723	0	NA
193453	0	NA
193383	0	NA
193348	0	NA
193288	0	NA
193139	0	NA
193103	0	NA
192930	0	NA
192906	0	NA
192711	0	NA
192701	0	NA
192664	0	NA
192598	0	NA
192592	0	NA
192557	0	NA
192514	0	NA
192437	0	NA
192408	0	NA
192365	0	NA
192316	0	NA
192263	0	NA
192209	0	NA
192055	0	NA
191974	0	NA
191958	0	NA
191897	0	NA
191841	0	NA
191816	0	NA
191811	0	NA
191602	0	NA
191584	0	NA
191583	0	NA
191579	0	NA
191573	0	NA
191558	0	NA
191432	0	NA
191398	0	NA
191387	0	NA
191361	0	NA
191330	0	NA
191222	0	NA
191199	0	NA
191077	0	NA
191067	0	NA
191034	0	NA
190992	0	NA
190676	0	NA
190673	0	NA
190659	0	NA
190658	0	NA
190620	0	NA
190573	0	NA
190504	0	NA
190473	0	NA
190425	0	NA
190273	0	NA
190226	0	NA
190207	0	NA
190112	0	NA
190069	0	NA
190047	0	NA
190035	0	NA
189884	0	NA
189867	0	NA
189757	0	NA
189749	0	NA
189730	0	NA
189681	0	NA
189666	0	NA
189585	0	NA
189582	0	NA
189544	0	NA
189530	0	NA
189450	0	NA
189309	0	NA
189288	0	NA
189215	0	NA
189171	0	NA
189057	0	NA
189024	0	NA
188973	0	NA
188966	0	NA
188856	0	NA
188785	0	NA
188749	0	NA
188747	0	NA
188741	0	NA
188697	0	NA
188576	0	NA
188564	0	NA
188533	0	NA
188457	0	NA
188427	0	NA
188411	0	NA
188402	0	NA
188399	0	NA
188225	0	NA
188158	0	NA
188137	0	NA
187989	0	NA
187962	0	NA
187959	0	NA
187947	0	NA
187812	0	NA
187807	0	NA
187790	0	NA
187768	0	NA
187673	0	NA
187665	0	NA
187644	0	NA
187561	0	NA
187359	0	NA
187341	0	NA
187319	0	NA
187294	0	NA
187222	0	NA
187174	0	NA
187144	0	NA
186921	0	NA
186871	0	NA
186777	0	NA
186526	0	NA
186351	0	NA
186332	0	NA
186324	0	NA
186321	0	NA
186162	0	NA
186122	0	NA
186061	0	NA
186028	0	NA
185995	0	NA
185989	0	NA
185923	0	NA
185891	0	NA
185854	0	NA
185767	0	NA
185754	0	NA
185743	0	NA
185695	0	NA
185576	0	NA
185570	0	NA
185353	0	NA
185258	0	NA
185177	0	NA
185162	0	NA
185126	0	NA
185125	0	NA
185036	0	NA
184990	0	NA
184966	0	NA
184925	0	NA
184670	0	NA
184584	0	NA
184484	0	NA
184436	0	NA
184420	0	NA
184395	0	NA
184322	0	NA
184318	0	NA
184184	0	NA
184160	0	NA
183832	0	NA
183815	0	NA
183770	0	NA
183731	0	NA
183703	0	NA
183662	0	NA
183606	0	NA
183592	0	NA
183480	0	NA
183431	0	NA
183384	0	NA
183362	0	NA
183231	0	NA
183220	0	NA
183198	0	NA
183163	0	NA
183117	0	NA
183106	0	NA
182984	0	NA
182950	0	NA
182906	0	NA
182893	0	NA
182837	0	NA
182817	0	NA
182800	0	NA
182764	0	NA
182758	0	NA
182712	0	NA
182632	0	NA
182506	0	NA
182470	0	NA
182420	0	NA
182323	0	NA
181890	0	NA
181744	0	NA
181733	0	NA
181719	0	NA
181597	0	NA
181574	0	NA
181532	0	NA
181473	0	NA
181472	0	NA
181470	0	NA
181423	0	NA
181419	0	NA
181367	0	NA
181348	0	NA
181206	0	NA
181091	0	NA
181025	0	NA
180944	0	NA
180879	0	NA
180869	0	NA
180805	0	NA
180801	0	NA
180726	0	NA
180725	0	NA
180671	0	NA
180615	0	NA
180564	0	NA
180528	0	NA
180468	0	NA
180408	0	NA
180397	0	NA
180288	0	NA
180264	0	NA
180235	0	NA
180206	0	NA
180045	0	NA
179964	0	NA
179958	0	NA
179927	0	NA
179853	0	NA
179719	0	NA
179548	0	NA
179547	0	NA
179513	0	NA
179457	0	NA
179192	0	NA
179188	0	NA
179181	0	NA
179133	0	NA
179116	0	NA
179059	0	NA
178959	0	NA
178852	0	NA
178794	0	NA
178735	0	NA
178659	0	NA
178589	0	NA
178557	0	NA
178556	0	NA
178433	0	NA
178358	0	NA
178353	0	NA
178145	0	NA
178114	0	NA
178031	0	NA
178026	0	NA
178001	0	NA
177993	0	NA
177984	0	NA
177952	0	NA
177930	0	NA
177822	0	NA
177802	0	NA
177697	0	NA
177621	0	NA
177590	0	NA
177574	0	NA
177518	0	NA
177473	0	NA
177468	0	NA
177435	0	NA
177308	0	NA
177271	0	NA
177022	0	NA
176955	0	NA
176886	0	NA
176853	0	NA
176836	0	NA
176704	0	NA
176691	0	NA
176615	0	NA
176444	0	NA
176139	0	NA
176108	0	NA
176100	0	NA
176039	0	NA
175972	0	NA
175939	0	NA
175922	0	NA
175893	0	NA
175847	0	NA
175712	0	NA
175613	0	NA
175598	0	NA
175563	0	NA
175483	0	NA
175416	0	NA
175367	0	NA
175365	0	NA
175315	0	NA
175213	0	NA
175143	0	NA
175005	0	NA
174959	0	NA
174924	0	NA
174805	0	NA
174754	0	NA
174698	0	NA
174625	0	NA
174583	0	NA
174500	0	NA
174499	0	NA
174432	0	NA
174422	0	NA
174418	0	NA
174417	0	NA
174368	0	NA
174320	0	NA
174184	0	NA
174170	0	NA
174086	0	NA
174055	0	NA
173969	0	NA
173923	0	NA
173916	0	NA
173914	0	NA
173900	0	NA
173892	0	NA
173099	0	NA
172640	0	NA
171532	0	NA
171399	0	NA
171396	0	NA
171322	0	NA
171232	0	NA
170950	0	NA
170926	0	NA
170561	0	NA
170056	0	NA
169901	0	NA
169515	0	NA
169364	0	NA
169147	0	NA
169106	0	NA
168439	0	NA
168047	0	NA
167420	0	NA
167338	0	NA
167204	0	NA
167034	0	NA
166911	0	NA
166718	0	NA
166535	0	NA
166226	0	NA
166156	0	NA
165430	0	NA
164967	0	NA
164811	0	NA
164788	0	NA
164744	0	NA
164395	0	NA
164308	0	NA
164071	0	NA
163997	0	NA
163843	0	NA
163539	0	NA
163153	0	NA
162991	0	NA
162913	0	NA
162898	0	NA
162668	0	NA
162576	0	NA
162005	0	NA
160661	0	NA
160563	0	NA
160140	0	NA
158906	0	NA
158625	0	NA
158591	0	NA
158309	0	NA
158302	0	NA
158183	0	NA
158027	0	NA
157999	0	NA
157957	0	NA
157842	0	NA
157704	0	NA
157693	0	NA
157573	0	NA
157470	0	NA
157193	0	NA
157012	0	NA
154424	0	NA
153978	0	NA
149313	0	NA
147987	0	NA
147442	0	NA
147195	0	NA
146776	0	NA
146672	0	NA
146612	0	NA
146586	0	NA
146448	0	NA
140863	0	NA
138304	0	NA
137650	0	NA
135845	0	NA
134762	0	NA
132929	0	NA
131024	0	NA
130214	0	NA
129990	0	NA
114798	0	NA
114348	0	NA
113941	0	NA
113111	0	NA
112931	0	NA
112924	0	NA
112009	0	NA
111446	0	NA
111277	0	NA
110748	0	NA
110625	0	NA
110457	0	NA
110016	0	NA
109382	0	NA
107235	0	NA
107044	0	NA
103132	0	NA
99634	0	NA
98048	0	NA
97568	0	NA
97315	0	NA
97151	0	NA
97142	0	NA
96459	0	NA
96194	0	NA
95974	0	NA
95424	0	NA
92144	0	NA
90487	0	NA
73120	0	NA
72630	0	NA
72481	0	NA
71649	0	NA
69988	0	NA
51677	0	NA
47356	0	NA
45562	0	NA
36611	0	NA
31249	0	NA
30587	0	NA
29205	0	NA
24175	0	NA
21881	0	NA
21464	0	NA
21195	0	NA
18619	0	NA
16766	0	NA
14106	0	NA
14094	0	NA
14035	0	NA
14030	0	NA
7184	0	NA
4509	0	NA
2222	0	NA
1510067	0	NA
1530340	0	NA
621700	0	NA
624373	0	NA
1600780	0	NA
1602314	0	NA
815169	0	NA
1657491	0	NA
1105326	0	NA
835154	0	NA
662667	0	NA
827522	0	NA
1742070	0	NA
1802717	0	NA
1067655	0	NA
1026524	0	NA
903975	0	NA
1844565	0	NA
931121	0	NA
738264	0	NA
724120	0	NA
1931575	0	NA
1945397	0	NA
846127	0	NA
1109505	0	NA
2162309	0	NA
769746	0	NA
772010	0	NA
728069	0	NA
665703	0	NA
2170530	0	NA
2182669	0	NA
2198356	0	NA
651436	0	NA
2216525	0	NA
2233608	0	NA
686211	0	NA
821722	0	NA
2308370	0	NA
2315700	0	NA
2318202	0	NA
2339949	0	NA
771140	0	NA
2366688	0	NA
818052	0	NA
1107755	0	NA
2383341	0	NA
2407149	0	NA
2419864	0	NA
1107652	0	NA
2490211	0	NA
714766	0	NA
655812	0	NA
833381	0	NA
694641	0	NA
837396	0	NA
929275	0	NA
2700687	0	NA
1105958	0	NA
2740201	0	NA
2774254	0	NA
1107674	0	NA
2797565	0	NA
2808643	0	NA
2949004	0	NA
2963421	0	NA
806422	0	NA
655793	0	NA
3090048	0	NA
835928	0	NA
754549	0	NA
771177	0	NA
822276	0	NA
3141342	0	NA
3143796	0	NA
3168623	0	NA
3172943	0	NA
3176547	0	NA
849346	0	NA
3195723	0	NA
845900	0	NA
3231096	0	NA
3293888	0	NA
637934	0	NA
3302038	0	NA
809658	0	NA
3385021	0	NA
681370	0	NA
815898	0	NA
663751	0	NA
627429	0	NA
3438642	0	NA
610842	0	NA
3525735	0	NA
3557915	0	NA
3571769	0	NA
1112190	0	NA
3605008	0	NA
1107895	0	NA
3694599	0	NA
3695679	0	NA
628218	0	NA
3732399	0	NA
675940	0	NA
3750373	0	NA
1112121	0	NA
3770098	0	NA
851794	0	NA
3825769	0	NA
1106364	0	NA
631564	0	NA
3862524	0	NA
3868285	0	NA
1109178	0	NA
1106290	0	NA
833795	0	NA
1104817	0	NA
612512	0	NA
3973340	0	NA
1112984	0	NA
828435	0	NA
3994832	0	NA
677680	0	NA
4015273	0	NA
4020502	0	NA
1129750	0	NA
4128381	0	NA
4144790	0	NA
827592	0	NA
751973	0	NA
844750	0	NA
4194837	0	NA
674611	0	NA
742358	0	NA
1010876	0	NA
4267520	0	NA
4268506	0	NA
4299136	0	NA
4300883	0	NA
4308835	0	NA
4308837	0	NA
4311536	0	NA
4314257	0	NA
4317896	0	NA
4318315	0	NA
4318935	0	NA
4319494	0	NA
4320013	0	NA
4321285	0	NA
4326502	0	NA
4326869	0	NA
4327141	0	NA
4327763	0	NA
4328792	0	NA
4330604	0	NA
609589	0	NA
4334618	0	NA
4337199	0	NA
4338748	0	NA
4339547	0	NA
4340076	0	NA
4343631	0	NA
4345268	0	NA
4345850	0	NA
4346003	0	NA
4349002	0	NA
4352875	0	NA
4354103	0	NA
4355739	0	NA
4357713	0	NA
4358599	0	NA
4359749	0	NA
4359831	0	NA
4359834	0	NA
4364183	0	NA
4364237	0	NA
4364243	0	NA
4364652	0	NA
4366089	0	NA
4369352	0	NA
4370024	0	NA
4372973	0	NA
4374084	0	NA
4374663	0	NA
4378683	0	NA
4380294	0	NA
4387246	0	NA
4390593	0	NA
4393892	0	NA
4395708	0	NA
4396516	0	NA
4397901	0	NA
4399086	0	NA
4402042	0	NA
4402077	0	NA
4402624	0	NA
4402834	0	NA
4405104	0	NA
4405128	0	NA
4405146	0	NA
4407703	0	NA
4408801	0	NA
4410863	0	NA
4411108	0	NA
4414236	0	NA
4414237	0	NA
4414242	0	NA
4415390	0	NA
4418586	0	NA
4419301	0	NA
4420669	0	NA
4423790	0	NA
4425256	0	NA
4426051	0	NA
4426298	0	NA
4430503	0	NA
4434073	0	NA
4437362	0	NA
4437592	0	NA
4440360	0	NA
4440624	0	NA
4440970	0	NA
4442029	0	NA
4443143	0	NA
4447176	0	NA
4447605	0	NA
4449518	0	NA
4449898	0	NA
4450025	0	NA
4450194	0	NA
4450415	0	NA
4451523	0	NA
4454356	0	NA
4455308	0	NA
4459940	0	NA
4462541	0	NA
4464065	0	NA
4464113	0	NA
4465205	0	NA
4466103	0	NA
4466275	0	NA
4466382	0	NA
4471135	0	NA
4471139	0	NA
4471351	0	NA
4474844	0	NA
4478605	0	NA
4480176	0	NA
4480555	0	NA
4481359	0	NA
4483392	0	NA
4483585	0	NA
4484382	0	NA
2212505	-1.77404295051353e-06	NA
197980	-5.71895424836605e-06	NA
276257	-5.84795321637427e-06	NA
268927	-5.84795321637427e-06	NA
174727	-1.11111111111111e-05	NA
269037	-1.38888888888889e-05	NA
183630	-1.38888888888889e-05	NA
180077	-1.56862745098039e-05	NA
339730	-1.69590643274854e-05	NA
182033	-1.69590643274854e-05	NA
372368	-1.78571428571428e-05	NA
193359	-1.97368421052632e-05	NA
177917	-2.12286509500132e-05	NA
339013	-2.80701754385965e-05	NA
198670	-2.97619047619048e-05	NA
334761	-3.08479532163743e-05	NA
195154	-3.4733893557423e-05	NA
186711	-3.90989729225023e-05	NA
346870	-4.27128427128427e-05	NA
265052	-5.47619047619048e-05	NA
196385	-7.38918374367291e-05	NA
4340358	-7.60683760683761e-05	NA
314374	-8.1447963800905e-05	NA
197463	-8.19573443412453e-05	NA
177533	-8.55263157894737e-05	NA
178068	-9.05982905982906e-05	NA
267046	-9.06862745098039e-05	NA
194906	-9.09090909090909e-05	NA
831301	-9.09090909090909e-05	NA
351623	-9.52380952380952e-05	NA
316544	-9.52380952380952e-05	NA
276985	-9.52380952380952e-05	NA
235017	-9.52380952380952e-05	NA
206456	-9.52380952380952e-05	NA
182081	-9.52380952380952e-05	NA
276218	-9.57393483709273e-05	NA
273967	-9.84126984126984e-05	NA
186714	-9.87272101823185e-05	NA
260375	-1e-04	NA
182945	-1e-04	NA
197291	-0.000101774042950514	NA
716984	-0.000105263157894737	NA
332475	-0.000105263157894737	NA
329830	-0.000105263157894737	NA
326820	-0.000105263157894737	NA
324999	-0.000105263157894737	NA
322525	-0.000105263157894737	NA
320972	-0.000105263157894737	NA
276260	-0.000105263157894737	NA
262842	-0.000105263157894737	NA
215495	-0.000105263157894737	NA
203605	-0.000105263157894737	NA
197568	-0.000105263157894737	NA
186194	-0.000105263157894737	NA
178306	-0.000105263157894737	NA
4417539	-0.000105263157894737	NA
349348	-0.000111111111111111	NA
337336	-0.000111111111111111	NA
304604	-0.000111111111111111	NA
288109	-0.000111111111111111	NA
263459	-0.000111111111111111	NA
262258	-0.000111111111111111	NA
194830	-0.000111111111111111	NA
188889	-0.000111111111111111	NA
185328	-0.000111111111111111	NA
175529	-0.000111111111111111	NA
174177	-0.000111111111111111	NA
162025	-0.000111111111111111	NA
1106683	-0.000111111111111111	NA
4359832	-0.000111111111111111	NA
276620	-0.000112885154061625	NA
551562	-0.000117647058823529	NA
531038	-0.000117647058823529	NA
322062	-0.000117647058823529	NA
314810	-0.000117647058823529	NA
310499	-0.000117647058823529	NA
290144	-0.000117647058823529	NA
288224	-0.000117647058823529	NA
275743	-0.000117647058823529	NA
269172	-0.000117647058823529	NA
261097	-0.000117647058823529	NA
199205	-0.000117647058823529	NA
197623	-0.000117647058823529	NA
197139	-0.000117647058823529	NA
189406	-0.000117647058823529	NA
177414	-0.000117647058823529	NA
1991255	-0.000117647058823529	NA
311482	-0.000118464052287582	NA
772384	-0.000125	NA
520931	-0.000125	NA
301012	-0.000125	NA
268706	-0.000125	NA
233411	-0.000125	NA
229905	-0.000125	NA
229683	-0.000125	NA
194665	-0.000125	NA
188940	-0.000125	NA
175658	-0.000125	NA
93099	-0.000125	NA
39443	-0.000125	NA
172464	-0.000131349206349206	NA
216403	-0.000133333333333333	NA
215750	-0.000133333333333333	NA
192585	-0.000133333333333333	NA
4404461	-0.000133333333333333	NA
191994	-0.000136695906432749	NA
228730	-0.000142395676219206	NA
324013	-0.000142857142857143	NA
227967	-0.000142857142857143	NA
818838	-0.000142857142857143	NA
1111745	-0.000153070175438596	NA
272277	-0.000153846153846154	NA
184765	-0.000153846153846154	NA
135625	-0.000153846153846154	NA
271500	-0.000155241043785935	NA
312269	-0.000162383900928793	NA
199391	-0.000162908496732026	NA
267175	-0.000164869281045752	NA
189127	-0.000177777777777778	NA
270244	-0.000181818181818182	NA
180381	-0.000181818181818182	NA
193064	-0.000185714285714286	NA
162639	-0.00018640350877193	NA
234121	-0.000194736842105263	NA
345582	-2e-04	NA
263546	-0.000200501253132832	NA
351478	-0.000210526315789474	NA
356164	-0.000211111111111111	NA
266676	-0.000211111111111111	NA
317099	-0.000216374269005848	NA
330772	-0.000222222222222222	NA
270876	-0.000222222222222222	NA
273164	-0.000225210084033613	NA
259249	-0.000226675285498815	NA
178558	-0.000228758169934641	NA
177113	-0.000235294117647059	NA
175155	-0.000235294117647059	NA
188845	-0.000236111111111111	NA
174573	-0.000236111111111111	NA
178274	-0.00023859649122807	NA
262960	-0.000242647058823529	NA
198339	-0.000242647058823529	NA
276656	-0.000244444444444444	NA
192203	-0.00024484004127967	NA
274749	-0.000245949432404541	NA
262556	-0.00025	NA
816242	-0.00025	NA
331717	-0.000258333333333333	NA
263618	-0.00026140350877193	NA
185483	-0.000273389355742297	NA
191887	-0.000283668730650155	NA
264155	-0.000285714285714286	NA
247715	-0.000285714285714286	NA
210908	-0.000294736842105263	NA
443620	-0.000307692307692308	NA
337289	-0.000307692307692308	NA
273586	-0.000315789473684211	NA
177269	-0.000318552036199095	NA
274455	-0.000322325421396629	NA
683621	-0.000339869281045752	NA
272850	-0.000345588235294118	NA
245595	-0.00034640522875817	NA
305789	-0.000347162022703818	NA
296042	-0.000347222222222222	NA
274018	-0.000352941176470588	NA
528067	-0.00035375816993464	NA
329741	-0.000355263157894737	NA
268734	-0.000361111111111111	NA
188355	-0.00036140350877193	NA
322059	-0.000373453996983409	NA
191445	-0.000378151260504202	NA
3998909	-0.000394736842105263	NA
273208	-0.000403846153846154	NA
1684221	-0.000411963732861566	NA
174791	-0.000433333333333333	NA
184329	-0.000450980392156863	NA
184456	-0.000474206349206349	NA
339549	-0.000478717154878146	NA
176455	-0.000480263157894737	NA
567595	-0.000484231411862991	NA
311859	-0.000492040149393091	NA
447141	-0.000528846153846154	NA
233587	-0.000598290598290598	NA
351859	-0.000610299787931367	NA
263899	-0.000620634920634921	NA
395040	-0.000633333333333333	NA
175375	-0.00067137437725673	NA
430219	-0.00075515750159713	NA
336676	-0.000797121007647323	NA
269873	-0.000938386407194457	NA
190846	-0.00103343653250774	NA
