	PD_whole_tree	chao1	observed_otus
TS1.2.299121	27.90623	952.358974359	448.0
TS1.299139	28.07302	1079.18571429	447.0
TS10.299123	22.36187	1057.0	394.0
TS100.2.298944	28.42677	1219.16666667	521.0
TS100.298999	28.05702	1359.01449275	489.0
TS101.2.299207	24.71863	1381.54285714	494.0
TS103.2.299213	24.2485	1093.26315789	408.0
TS103.299049	22.67806	843.473684211	414.0
TS104.299154	23.2226	839.4	384.0
TS105.2.299038	18.89377	764.775862069	338.0
TS105.299210	23.39693	1083.03846154	469.0
TS106.2.299179	22.68273	993.085714286	419.0
TS106.299035	24.99767	1301.44285714	483.0
TS107.2.298960	25.73078	1003.33333333	457.0
TS107.299042	25.71875	1016.01369863	438.0
TS109.2.299100	25.26211	904.545454545	410.0
TS109.299099	22.73815	875.15625	381.0
TS11.2.299208	19.43085	874.20754717	351.0
TS11.298996	21.1158	987.052631579	378.0
TS110.2.299101	21.49083	600.117647059	305.0
TS110.299019	23.3666	689.875	386.0
TS111.2.298964	28.8254	969.633802817	439.0
TS111.299174	29.96167	1111.67605634	463.0
TS115.2.299043	28.85917	976.720430108	488.0
TS115.298998	28.51016	1031.18181818	468.0
TS116.2.299078	28.22976	1140.30434783	464.0
TS116.299165	27.50707	1075.44897959	383.0
TS117.2.299030	25.25405	1316.01492537	471.0
TS117.298949	26.56628	907.866666667	475.0
TS118.2.298966	26.73866	1271.93333333	499.0
TS118.299163	22.62361	912.0	379.0
TS119.2.299032	24.97504	962.925925926	442.0
TS119.299110	23.47188	838.615384615	375.0
TS12.2.299176	21.14517	869.15625	375.0
TS12.299104	21.22629	828.48	383.0
TS120.2.299136	28.65203	1240.78571429	484.0
TS124.2.299092	20.03149	649.56	298.0
TS124.298945	24.13279	998.666666667	405.0
TS125.2.299067	23.30395	1024.31818182	424.0
TS125.298984	22.54568	831.8	380.0
TS126.2.298986	24.18942	736.5	355.0
TS126.299046	26.5254	1012.66129032	405.0
TS127.2.299143	28.35294	1112.54216867	486.0
TS127.299133	29.78051	1122.0	484.0
TS128.2.299216	28.28224	1296.72058824	474.0
TS128.299117	25.67709	948.067567568	424.0
TS129.2.299037	23.89749	878.35	372.0
TS129.299204	28.20431	1184.58441558	471.0
TS13.2.298954	27.14768	1057.97101449	438.0
TS13.299018	27.9684	1197.27631579	483.0
TS130.2.298955	16.9712	732.081081081	282.0
TS130.299178	15.90597	764.5	287.0
TS131.2.298993	20.65019	914.342465753	402.0
TS131.299040	22.42133	1099.83823529	427.0
TS132.2.299033	26.70963	1167.68	470.0
TS132.299044	23.28057	1080.05970149	424.0
TS133.2.299076	23.13014	1059.18181818	394.0
TS133.299149	25.52843	1237.23076923	452.0
TS134.2.298989	23.79054	984.084507042	430.0
TS134.299196	25.91121	1236.55384615	466.0
TS135.2.299222	23.69902	1107.41666667	409.0
TS135.299142	24.63041	961.5	439.0
TS136.2.298983	31.04099	1248.01351351	492.0
TS136.299091	32.31333	1592.0	577.0
TS137.2.299107	27.36043	1133.60273973	469.0
TS137.298959	25.05265	1109.01666667	425.0
TS138.2.299162	24.41141	1026.88888889	447.0
TS138.299141	26.16651	1157.87912088	502.0
TS139.2.299031	25.87421	1414.79710145	499.0
TS139.299195	26.42041	1199.81818182	460.0
TS14.299212	25.48745	1155.56451613	437.0
TS140.2.299087	23.3036	757.277777778	347.0
TS140.298995	25.8195	951.947368421	438.0
TS141.2.299017	28.14003	1319.14285714	491.0
TS141.299084	25.57309	1096.69230769	425.0
TS142.2.298963	22.80173	986.037735849	375.0
TS142.299170	26.51689	1262.56338028	484.0
TS143.2.299034	26.50251	1244.98507463	464.0
TS143.299098	27.43313	1239.44155844	491.0
TS144.2.299166	25.20812	1048.94285714	442.0
TS144.298946	25.35513	1001.14285714	423.0
TS145.2.299151	22.91474	646.775862069	324.0
TS145.298950	21.73131	806.178082192	390.0
TS146.2.299211	25.61269	1117.35294118	384.0
TS146.299014	26.4526	835.779411765	389.0
TS147.2.299003	27.97695	1150.78125	450.0
TS147.299111	25.15607	1143.71830986	456.0
TS148.299000	23.42205	994.25	351.0
TS149.298994	23.84289	947.633802817	417.0
TS15.2.299128	23.05448	888.474576271	386.0
TS15.299020	26.7226	1019.63076923	423.0
TS150.299173	24.15208	1150.83783784	474.0
TS151.2.298991	24.68263	823.436619718	399.0
TS151.299215	26.54688	1128.86842105	474.0
TS152.2.299097	28.1447	1057.20547945	451.0
TS152.299135	23.67892	993.103448276	390.0
TS153.299184	26.76631	1406.44444444	470.0
TS154.2.299022	26.00083	764.786885246	359.0
TS155.2.298990	27.48739	825.169491525	371.0
TS155.299082	22.30983	747.56	317.0
TS156.2.299036	28.41946	987.789473684	444.0
TS156.299155	27.01492	904.12987013	429.0
TS16.299068	24.60676	963.925925926	443.0
TS160.2.299131	22.49527	900.857142857	354.0
TS160.298976	23.65812	877.25862069	391.0
TS161.299188	20.95858	864.040540541	402.0
TS162.2.299140	16.43975	642.319148936	288.0
TS162.299124	17.29381	547.553571429	288.0
TS163.2.299114	21.77038	920.275862069	375.0
TS163.299072	23.69111	1126.3559322	421.0
TS164.2.299007	21.34251	648.043478261	345.0
TS164.299125	19.61791	528.967741935	300.0
TS165.2.299138	25.65269	562.447761194	322.0
TS165.298951	27.409	710.842105263	344.0
TS166.2.298980	23.5468	1062.35	416.0
TS166.299085	23.64221	1180.18181818	413.0
TS167.2.299004	27.35513	1262.65384615	440.0
TS167.299073	27.9593	1193.09230769	461.0
TS168.2.298985	25.52971	1002.01408451	440.0
TS168.299115	27.86927	1166.34615385	483.0
TS169.2.298975	30.80371	1356.51219512	533.0
TS169.298977	31.33067	1388.0	530.0
TS170.2.299205	24.83657	963.157894737	395.0
TS178.2.299168	26.28461	1266.35849057	437.0
TS178.299126	21.09999	775.111111111	329.0
TS179.2.299016	25.45839	1091.5	419.0
TS179.298987	25.6888	1128.01587302	435.0
TS180.299063	22.15752	695.164179104	355.0
TS181.2.299083	22.34639	888.269230769	355.0
TS181.299047	25.24812	1031.3943662	433.0
TS182.2.299113	27.87224	1246.28947368	488.0
TS182.299201	25.43191	1159.08064516	426.0
TS183.2.299060	16.09935	566.837209302	256.0
TS183.298979	19.10044	788.272727273	299.0
TS184.299203	20.38444	927.491803279	384.0
TS185.2.298957	25.51237	1209.58108108	476.0
TS185.299148	25.95714	1088.09638554	477.0
TS186.299199	20.733	821.875	370.0
TS19.2.298956	17.16854	807.158730159	367.0
TS19.298958	22.91052	1045.0	451.0
TS190.299218	27.918	1161.25925926	487.0
TS191.299146	21.68605	933.328125	395.0
TS192.299012	22.57966	928.358490566	369.0
TS193.2.299051	24.30298	812.554054054	402.0
TS193.299075	23.53392	973.051724138	397.0
TS194.2.299056	21.5956	769.630769231	368.0
TS194.299181	24.49727	1052.19672131	421.0
TS195.2.298978	24.76252	969.06	381.0
TS195.299150	24.41339	781.402985075	378.0
TS2.2.299116	27.02028	881.775862069	379.0
TS2.299130	26.87088	722.888888889	376.0
TS20.2.299090	21.7612	911.132075472	370.0
TS20.299059	25.48273	1255.31034483	456.0
TS21.2.299079	21.70358	838.0	360.0
TS21.299189	27.24156	1255.53012048	507.0
TS22.299221	26.70682	1188.26388889	466.0
TS23.299159	20.94132	899.185714286	407.0
TS25.2.299001	26.55386	820.378378378	393.0
TS25.299024	25.27693	1069.01886792	399.0
TS26.2.299028	28.01091	1307.16666667	443.0
TS26.299185	25.77441	822.737704918	372.0
TS27.2.299025	27.87626	930.391891892	436.0
TS27.299223	24.48042	860.169491525	370.0
TS28.299120	27.88689	1206.03488372	508.0
TS29.298974	23.1797	796.363636364	405.0
TS3.2.299103	23.6208	837.638554217	413.0
TS3.298967	26.08276	1075.5625	473.0
TS30.2.299050	23.04716	770.9	368.0
TS30.298973	23.91051	1100.12987013	466.0
TS31.2.299187	24.27651	1002.06060606	406.0
TS31.299055	27.11064	1378.87878788	485.0
TS32.2.298970	26.40159	1099.19736842	469.0
TS32.299074	23.23456	1181.58490566	418.0
TS33.2.299054	21.41426	681.615384615	344.0
TS33.299224	29.00198	1332.0	513.0
TS34.299217	27.90803	1140.87671233	472.0
TS35.298981	29.50327	902.563218391	460.0
TS37.2.299096	26.56356	1044.76470588	437.0
TS37.299147	23.93317	918.901639344	388.0
TS38.2.299081	28.31901	1061.03947368	463.0
TS38.298997	27.01338	1020.61111111	485.0
TS39.2.299009	26.53816	1104.0	459.0
TS39.299167	24.29199	1016.28125	419.0
TS4.2.298988	21.13146	740.588235294	370.0
TS4.299175	20.8686	903.046875	401.0
TS43.299095	26.53137	1206.56060606	462.0
TS49.2.299169	20.85831	841.103448276	363.0
TS49.298982	21.68512	883.581081081	418.0
TS5.2.298961	18.99315	801.158730159	361.0
TS5.299045	22.26315	1087.84375	424.0
TS50.2.299158	18.97464	982.5	355.0
TS50.299027	20.36184	979.417910448	413.0
TS51.2.299062	20.64055	691.5	324.0
TS51.299145	25.92847	1380.02173913	418.0
TS55.2.298952	20.14842	936.75862069	374.0
TS55.298947	23.25349	1177.68	467.0
TS56.2.299192	15.94775	678.56097561	290.0
TS56.299021	22.12371	1194.04918033	444.0
TS57.2.299112	16.00587	712.538461538	326.0
TS57.299197	11.90274	362.588235294	202.0
TS6.2.299094	20.04137	809.270833333	330.0
TS6.299086	25.97089	1100.125	452.0
TS61.2.299186	25.83928	1099.95774648	447.0
TS62.2.299088	22.99058	981.313432836	419.0
TS62.299066	19.44463	821.666666667	345.0
TS63.2.299109	23.51179	841.842105263	409.0
TS63.299005	20.99936	729.654545455	323.0
TS64.2.299164	27.67584	1127.30434783	451.0
TS64.299137	27.66696	1093.71428571	453.0
TS65.2.299065	27.68173	1150.98113208	414.0
TS65.299182	27.93051	1176.55	439.0
TS66.2.299157	28.09224	1536.30769231	454.0
TS66.299194	23.50214	744.97826087	321.0
TS67.2.299127	23.49102	1150.04545455	443.0
TS68.2.298971	26.99515	1307.28169014	486.0
TS68.299202	24.22742	1158.64179104	453.0
TS69.2.298972	26.7075	1151.98591549	451.0
TS69.299058	20.90172	832.318181818	324.0
TS7.2.299010	24.57866	898.48	425.0
TS7.299061	29.98874	1469.125	521.0
TS70.2.299052	26.47485	993.608108108	439.0
TS70.299093	26.00757	1034.41818182	408.0
TS71.2.299080	25.56495	1058.03896104	452.0
TS71.298968	27.87821	1192.79166667	475.0
TS72.299209	27.35117	1158.59016393	438.0
TS73.299077	20.56275	942.75	335.0
TS74.2.299132	30.04324	1239.24137931	517.0
TS74.299177	30.14202	1320.08139535	522.0
TS75.2.298948	14.92693	692.204081633	318.0
TS75.299153	15.03102	549.368421053	312.0
TS76.2.299161	25.98166	1316.2173913	481.0
TS76.299071	24.5287	970.014084507	408.0
TS77.299105	21.93791	956.631578947	384.0
TS78.2.299070	20.88417	918.358490566	359.0
TS78.299102	20.85376	844.456521739	349.0
TS8.299198	27.39916	1228.29411765	473.0
TS82.2.299057	24.8708	889.48	416.0
TS82.299048	21.28706	747.296875	364.0
TS83.2.299171	22.88432	1192.96078431	405.0
TS83.299134	24.49861	1077.66666667	438.0
TS84.2.298962	25.17585	847.232876712	414.0
TS84.299191	20.60932	670.23255814	308.0
TS85.2.299119	20.60924	834.263157895	356.0
TS85.299053	21.83714	936.444444444	402.0
TS86.2.299219	22.36592	884.714285714	400.0
TS86.299064	24.76753	1109.9	405.0
TS87.2.298965	27.97496	1082.85074627	440.0
TS87.299172	28.38157	1038.14705882	443.0
TS88.2.299002	24.0534	823.232876712	390.0
TS88.299013	19.25482	893.565217391	331.0
TS89.2.299023	24.83951	1062.35443038	460.0
TS89.299011	27.01567	1137.07407407	475.0
TS9.2.298969	23.5714	1090.44262295	427.0
TS9.299144	24.21824	1053.71428571	430.0
TS90.2.299200	25.0508	925.652173913	411.0
TS90.298953	26.59006	1053.0	426.0
TS91.2.299008	23.6813	886.614285714	413.0
TS92.2.299118	24.90993	1169.66666667	442.0
TS92.299206	23.06909	969.625	431.0
TS94.2.299160	27.47808	875.887323944	398.0
TS94.299193	27.005	963.677966102	393.0
TS95.2.299006	24.49877	887.92	352.0
TS95.299180	23.94315	755.241935484	356.0
TS96.2.299214	27.83013	1053.30357143	400.0
TS96.299089	25.52832	904.970588235	406.0
TS97.2.299190	24.08261	1169.921875	436.0
TS97.299015	20.75139	902.132075472	361.0
TS98.2.299041	19.92534	913.517857143	371.0
TS98.299220	18.91281	649.873015873	334.0
TS99.2.299069	14.88482	412.894736842	225.0
