	PD_whole_tree	chao1	observed_otus
DD10	13.80848	384.5	157.0
DD102	10.57304	485.5	139.0
DD104	11.49285	408.1875	135.0
DD106	13.84949	394.869565217	162.0
DD107	10.05162	219.555555556	104.0
DD108	16.45886	384.0	153.0
DD110	17.31813	971.0	190.0
DD111	9.05096	270.571428571	103.0
DD112	8.76941	203.0	93.0
DD113	16.40035	537.272727273	185.0
DD114	9.59502	434.75	123.0
DD115	15.89256	481.0	160.0
DD116	14.80011	457.4	147.0
DD118	12.47998	385.833333333	143.0
DD119	16.41953	578.05	178.0
DD12	12.00531	341.105263158	135.0
DD120	14.50314	323.666666667	130.0
DD121	15.39473	384.84	158.0
DD122	15.66759	342.0	152.0
DD123	11.88775	308.5	130.0
DD125	8.90737	354.833333333	111.0
DD128	15.96731	334.125	152.0
DD129	10.7935	208.0	112.0
DD13	12.15986	458.866666667	142.0
DD130	11.66855	403.5	151.0
DD132	14.42387	418.0	153.0
DD133	8.45423	259.363636364	93.0
DD134	14.25803	362.0	160.0
DD135	15.18171	499.055555556	166.0
DD136	10.53816	586.428571429	112.0
DD137	11.04289	298.066666667	118.0
DD138	13.51971	411.235294118	143.0
DD139	14.96294	322.043478261	144.0
DD14	8.72446	426.2	84.0
DD140	15.0532	408.5	156.0
DD141	15.59095	443.833333333	152.0
DD144	9.21515	221.0	88.0
DD145	9.34569	277.4	107.0
DD146	12.26024	313.3	139.0
DD147	12.05076	411.875	110.0
DD148	10.5473	212.375	98.0
DD149	16.42015	370.045454545	154.0
DD15	12.83102	487.5	141.0
DD150	12.79017	371.666666667	134.0
DD151	14.52177	387.0	156.0
DD152	9.84717	352.214285714	115.0
DD153	10.94467	244.166666667	110.0
DD154	10.79042	729.6	141.0
DD155	10.63516	370.75	126.0
DD157	15.24025	307.517241379	160.0
DD160	17.56126	404.903225806	186.0
DD161	13.34481	285.037037037	140.0
DD162	13.95438	529.875	162.0
DD164	9.28812	354.6	99.0
DD167	16.08957	518.0	178.0
DD168	14.58496	359.25	153.0
DD169	11.75951	304.882352941	119.0
DD17	14.92626	648.625	172.0
DD18	9.27947	317.571428571	114.0
DD2	17.65293	401.576923077	171.0
DD20	10.49009	622.625	122.0
DD21	12.72706	224.894736842	112.0
DD22	10.92454	613.666666667	128.0
DD23	11.93111	435.076923077	127.0
DD24	12.62979	313.047619048	139.0
DD25	15.63637	464.6	179.0
DD27	15.25081	417.913043478	162.0
DD28	16.33733	477.9375	156.0
DD29	10.73116	300.647058824	124.0
DD3	7.39271	160.571428571	80.0
DD30	16.36657	329.5	175.0
DD31	14.43623	340.125	158.0
DD32	14.18736	353.555555556	136.0
DD33	10.56758	236.176470588	110.0
DD34	10.64546	178.0	102.0
DD36	7.86896	226.153846154	90.0
DD38	16.36746	378.5	175.0
DD39	17.52092	411.25	166.0
DD4	7.46224	316.0	71.0
DD42	16.90867	462.0	172.0
DD43	8.42637	151.272727273	73.0
DD44	10.32754	543.375	118.0
DD47	13.13312	387.772727273	149.0
DD48	15.12688	471.625	156.0
DD5	16.19438	522.125	161.0
DD53	9.97863	382.153846154	114.0
DD58	12.28937	366.555555556	134.0
DD59	10.79045	305.0	115.0
DD6	11.25649	545.076923077	141.0
DD60	12.67069	564.428571429	113.0
DD61	10.82409	338.4	117.0
DD63	12.41861	249.4	123.0
DD64	15.30734	383.6	161.0
DD65	13.78584	406.047619048	151.0
DD67	11.16576	315.571428571	112.0
DD68	19.78834	534.75	213.0
DD7	16.1393	438.176470588	147.0
DD70	14.05251	580.230769231	144.0
DD71	14.52423	438.166666667	152.0
DD72	14.76735	311.434782609	145.0
DD79	12.12527	276.956521739	129.0
DD8	13.2236	318.44	151.0
DD80	10.35068	281.235294118	118.0
DD81	10.99246	605.272727273	137.0
DD82	11.08314	458.058823529	143.0
DD83	11.87775	395.333333333	142.0
DD84	10.87354	373.666666667	136.0
DD85	10.66814	384.5	137.0
DD86	7.88264	240.5	88.0
DD87	10.67587	561.25	115.0
DD89	10.82731	534.909090909	129.0
DD90	9.27646	316.214285714	118.0
DD93	9.75455	404.5	114.0
DD96	9.71594	480.769230769	130.0
DD97	14.45165	379.461538462	124.0
DD98	12.86588	361.25	138.0
DIET1	1.84417	9.25	9.0
DIET10	2.72041	48.75	39.0
DIET11	1.55587	18.0	12.0
DIET12	1.53364	15.0	12.0
DIET13	2.28035	41.0	35.0
DIET14	2.75028	33.3333333333	30.0
DIET15	5.26512	146.0	64.0
DIET16	5.55688	239.0	71.0
DIET17	2.21117	27.25	22.0
DIET18	2.22547	30.1428571429	25.0
DIET19	5.51687	141.0	54.0
DIET2	1.87909	12.0	11.0
DIET20	8.48407	181.0	87.0
DIET21	2.61472	61.25	35.0
DIET22	2.05929	30.5	29.0
DIET23	3.92928	82.0	52.0
DIET24	4.16709	139.142857143	59.0
DIET25	2.7925	75.0	33.0
DIET26	2.38769	54.0	30.0
DIET27	2.56362	56.5	31.0
DIET28	2.00562	56.2	29.0
DIET29	4.59477	150.272727273	72.0
DIET3	2.52192	34.0	25.0
DIET30	4.35797	113.4	69.0
DIET31	3.89272	158.1	72.0
DIET32	3.13072	62.3333333333	51.0
DIET33	4.44878	106.0	62.0
DIET34	3.836	67.0	46.0
DIET35	2.93479	143.0	58.0
DIET36	2.87466	65.4375	51.0
DIET37	3.05869	122.0	59.0
DIET38	1.66262	37.0	22.0
DIET39	1.23507	20.25	20.0
DIET4	1.6454	32.0	20.0
DIET40	1.39669	28.5	26.0
DIET41	3.51007	121.666666667	54.0
DIET42	3.09908	50.5833333333	43.0
DIET43	3.34641	126.5	54.0
DIET44	2.4215	37.625	32.0
DIET45	2.50081	60.125	41.0
DIET46	2.13255	39.0	35.0
DIET47	3.87804	112.583333333	63.0
DIET48	3.41331	123.0	60.0
DIET49	3.59453	96.7692307692	61.0
DIET5	3.27034	44.25	36.0
DIET50	1.72316	42.0	33.0
DIET51	2.03068	38.3333333333	29.0
DIET52	1.60167	30.75	27.0
DIET53	3.02777	40.25	29.0
DIET54	1.79646	81.0	26.0
DIET55	2.0003	28.0	21.0
DIET56	2.3052	49.5	22.0
DIET6	3.45608	42.8571428571	35.0
DIET7	3.95447	155.111111111	64.0
DIET8	5.33836	165.461538462	75.0
DIET9	3.52053	55.1428571429	38.0
ID100	9.14757	441.625	104.0
ID103	7.61732	193.076923077	83.0
ID104	11.32023	745.5	146.0
ID106	10.01269	388.066666667	127.0
ID109	9.34587	266.666666667	101.0
ID110	14.37692	379.666666667	142.0
ID112	13.5447	314.2	154.0
ID113	11.36547	262.0	129.0
ID115	10.24437	392.117647059	135.0
ID117	14.19053	275.076923077	141.0
ID120	11.50581	512.545454545	132.0
ID123	10.54645	580.0	130.0
ID124	6.0598	138.75	60.0
ID125	11.51545	342.363636364	110.0
ID127	14.2631	313.888888889	152.0
ID128	16.34735	485.526315789	170.0
ID129	11.12414	475.5	136.0
ID131	11.20472	473.352941176	146.0
ID132	12.4779	388.391304348	151.0
ID133	12.89611	402.333333333	149.0
ID134	13.56311	418.652173913	158.0
ID135	14.74565	461.333333333	160.0
ID136	17.20492	392.576923077	162.0
ID138	13.43573	393.117647059	136.0
ID140	8.7294	193.214285714	91.0
ID153	12.07926	379.235294118	133.0
ID155	11.69311	588.333333333	142.0
ID156	11.82242	329.545454545	110.0
ID16	12.65692	490.2	140.0
ID167	11.43645	594.0	150.0
ID17	12.51459	376.8	144.0
ID18	14.7453	356.24137931	157.0
ID188	8.63748	322.461538462	109.0
ID205	15.66408	517.045454545	176.0
ID209	15.33136	426.545454545	159.0
ID21	17.5515	481.12	181.0
ID210	11.56406	375.25	136.0
ID211	10.41234	440.0	125.0
ID214	11.32235	356.4375	128.0
ID216	11.97838	407.055555556	143.0
ID217	11.31514	532.083333333	136.0
ID220	11.0689	407.5	138.0
ID221	14.84501	472.9375	151.0
ID225	11.50929	482.769230769	132.0
ID230	13.41749	417.5	127.0
ID231	7.90709	288.5	93.0
ID235	15.34602	573.058823529	167.0
ID237	13.03254	348.555555556	131.0
ID238	18.75216	459.294117647	205.0
ID239	16.54653	434.666666667	171.0
ID240	14.35908	523.833333333	166.0
ID241	11.1409	417.555555556	137.0
ID25	13.64753	413.235294118	145.0
ID254	8.31966	268.882352941	110.0
ID255	12.3912	333.8	138.0
ID256	14.71653	522.0	178.0
ID257	9.84631	428.076923077	120.0
ID258	15.22929	324.857142857	162.0
ID259	12.09494	332.5625	125.0
ID260	11.2579	336.071428571	116.0
ID261	16.63622	474.24	179.0
ID262	22.38524	991.103448276	263.0
ID263	15.4257	359.125	157.0
ID264	10.9396	337.6875	125.0
ID265	16.96315	591.8	179.0
ID266	10.8398	476.5	137.0
ID27	13.96737	412.1875	139.0
ID28	11.71083	316.473684211	133.0
ID29	13.91718	318.888888889	150.0
ID3	10.53003	333.0	123.0
ID30	11.64018	258.730769231	131.0
ID31	11.41909	580.230769231	144.0
ID32	16.73088	663.157894737	180.0
ID33	10.17694	496.1	122.0
ID34	14.50363	447.833333333	156.0
ID35	14.22354	538.05	169.0
ID36	11.43703	442.4	132.0
ID37	11.828	350.555555556	133.0
ID38	17.92327	527.636363636	181.0
ID39	17.28619	574.5	192.0
ID4	14.76751	402.315789474	147.0
ID40	10.04215	404.769230769	117.0
ID42	12.72646	371.4	153.0
ID43	13.47753	599.176470588	165.0
ID44	9.53909	297.714285714	110.0
ID45	14.55731	412.047619048	157.0
ID46	14.38562	397.157894737	147.0
ID47	12.47921	818.0	151.0
ID49	16.55499	625.9	187.0
ID5	14.52293	322.142857143	144.0
ID50	13.85889	389.161290323	174.0
ID51	13.52211	385.0	145.0
ID52	12.8959	240.538461538	128.0
ID53	11.82515	557.5625	155.0
ID54	12.51149	597.769230769	145.0
ID55	11.15161	605.25	159.0
ID56	9.88867	584.0	128.0
ID57	10.56476	349.428571429	118.0
ID58	14.71925	306.166666667	143.0
ID59	16.5888	535.0	178.0
ID6	12.33072	452.375	143.0
ID60	10.10525	449.545454545	125.0
ID61	14.28313	334.5	132.0
ID63	14.1507	368.157894737	143.0
ID64	15.69753	574.5625	172.0
ID7	16.91039	499.052631579	166.0
ID8	12.46526	384.391304348	147.0
ID83	11.8675	285.285714286	131.0
ID85	12.21586	338.607142857	151.0
ID86	8.53016	269.333333333	96.0
ID87	12.23827	346.125	144.0
ID89	11.92979	434.571428571	129.0
ID9	16.09744	383.545454545	154.0
ID90	13.54178	417.2	132.0
ID91	10.06244	296.3	122.0
ID92	11.81277	325.461538462	112.0
ID95	16.7593	406.222222222	176.0
ID97	10.28566	237.105263158	110.0
ID98	15.9713	560.272727273	185.0
ID99	13.79868	451.714285714	161.0
ITS3.DD102	20.60258	788.666666667	256.0
ITS3.DD107	20.44156	853.8	268.0
ITS3.DD115	22.5163	1052.45945946	303.0
ITS3.DD116	21.35199	980.903225806	273.0
ITS3.DD119	20.23208	993.677419355	279.0
ITS3.DD136	21.17588	1222.13043478	268.0
ITS3.DD58	20.72486	860.689655172	261.0
ITS3.DIET14	21.85035	1029.72413793	273.0
ITS3.DIET54	21.90968	777.216216216	266.0
ITS3.ID128	21.89875	907.176470588	274.0
