# Constructed from biom file
#OTU ID	007-1	011-1	014-1	021-1	023-1	024-1	026-1	027-1	028-1	029-1	030-1	033-1	034-1	035-1	037-1	038-1	039-1	040-1	041-1	043-1	044-1	046-1	047-1	050-1	051-1	052-1	055-1	057-1
k__Archaea;p__Euryarchaeota	0.000180212650928	0.0	0.0	0.0	0.0	0.0	0.0	0.0	0.0	0.00221273905484	0.000294377391816	0.0	0.0	0.0	0.0	0.0	0.0	0.0	0.000390968624768	0.000112587255123	0.000132135306554	0.0	0.0	0.0	0.00025493945188	0.0	0.0	6.42343268243e-05
k__Bacteria;p__Actinobacteria	0.121643539376	0.035741158766	0.0217732444096	0.00307963044435	0.226345409778	0.0655737704918	0.0381641307059	0.157871198569	0.0938203219664	0.314683104157	0.0880188401531	0.0252135014233	0.081149753851	0.201982651797	0.118844513377	0.1270683734	0.0146782527008	0.0387961438984	0.0128042224611	0.0714929070029	0.164904862579	0.276261230131	0.106120826709	0.012871474541	0.180752071383	0.246282338562	0.0970342048155	0.0858170606372
k__Bacteria;p__Bacteroidetes	0.0491980537034	0.00601956358164	0.0654178109062	0.636456958498	0.133661625044	0.00776531492666	0.000124719381392	0.140205724508	0.00952051237667	0.0118539592224	0.184721813365	0.355157923275	0.0948070509767	0.105190692551	0.134160527336	0.0404308460818	0.197275716299	0.0300964025394	0.404457042322	0.0468362981311	0.0410940803383	0.225812024879	0.0496820349762	0.00416430058679	0.0396430847674	0.0102872275413	0.286555750749	0.11831963001
k__Bacteria;p__Firmicutes	0.814921607497	0.931903686983	0.896135739506	0.354744097375	0.6347168484	0.925079091171	0.718882514343	0.670169946333	0.894928163407	0.488541172752	0.71725051516	0.616104107361	0.807368588217	0.6819496076	0.741954245832	0.829222603809	0.759863785815	0.926875146955	0.571498387254	0.868948435037	0.598969344609	0.482895646164	0.814387917329	0.249290176036	0.758572339069	0.742819311469	0.576728324894	0.782631038027
k__Bacteria;p__Fusobacteria	0.0	0.0	0.0	0.0	0.0	0.0	0.0	0.0	0.0	0.0	0.0	0.0	0.0	0.000137684152554	0.0	0.0	0.0	0.0	0.0	0.0	0.0	0.0	0.0	0.0187393526405	0.0	0.0	0.0	0.0
k__Bacteria;p__Proteobacteria	0.0106325464048	0.0263355906697	0.0166732051785	0.00571931368236	0.00510024621878	0.00158182341099	0.24282863557	0.0317531305903	0.00155790202527	0.158052789632	0.00132469826317	0.00230445980751	0.0166746069557	0.0107393638992	0.00504071345483	0.00327817670933	0.0281822451855	0.00387961438984	0.0108493793373	0.0126097725737	0.194899577167	0.0145127850726	0.027027027027	0.710202536438	0.00471637985978	0.000611122428193	0.0396817195412	0.0021197327852
k__Bacteria;p__Synergistetes	0.00342404036763	0.0	0.0	0.0	0.0	0.0	0.0	0.0	0.0	0.0	0.0	0.0	0.0	0.0	0.0	0.0	0.0	0.0	0.0	0.0	0.0	0.0	0.0	0.00473215975771	0.0	0.0	0.0	0.0
k__Bacteria;p__TM7	0.0	0.0	0.0	0.0	0.000175870559268	0.0	0.0	0.0	0.0	0.0	0.0	0.0	0.0	0.0	0.0	0.0	0.0	0.0	0.0	0.0	0.0	0.0	0.0	0.0	0.0	0.0	0.0	0.0
k__Bacteria;p__Tenericutes	0.0	0.0	0.0	0.0	0.0	0.0	0.0	0.0	0.00017310022503	0.0246562351826	0.00838975566676	0.00122000813339	0.0	0.0	0.0	0.0	0.0	0.000352692217258	0.0	0.0	0.0	0.000518313752592	0.00278219395866	0.0	0.0160611854685	0.0	0.0	0.0110483042138