# Constructed from biom file
#OTU ID	007-1	011-1	014-1	021-1	023-1	024-1	026-1	027-1	028-1	029-1	030-1	033-1	034-1	035-1	037-1	038-1	039-1	040-1	041-1	043-1	044-1	046-1	047-1	050-1	051-1	052-1	055-1	057-1
k__Archaea;p__Euryarchaeota;c__Methanobacteria;o__Methanobacteriales;f__Methanobacteriaceae;g__Methanobrevibacter	0.000180212650928	0.0	0.0	0.0	0.0	0.0	0.0	0.0	0.0	0.00221273905484	0.000294377391816	0.0	0.0	0.0	0.0	0.0	0.0	0.0	0.000390968624768	0.000112587255123	0.000132135306554	0.0	0.0	0.0	0.00025493945188	0.0	0.0	6.42343268243e-05
k__Bacteria;p__Actinobacteria;c__Actinobacteria;o__Actinomycetales;f__Actinomycetaceae;g__	0.0	0.0	0.0	0.0	0.0	0.0	0.0	0.0	0.00017310022503	0.0	0.0	0.0	0.0	0.0	0.0	0.0	0.0	0.0	0.0	0.0	0.000396405919662	0.0	0.0	0.0	0.0	0.0	0.0	0.0
k__Bacteria;p__Actinobacteria;c__Actinobacteria;o__Actinomycetales;f__Actinomycetaceae;g__Actinomyces	0.00504595422599	0.00489089541008	0.000686543742644	0.000293298137557	0.0	0.000143802128271	0.00274382639062	0.00648479427549	0.000692400900121	0.00126442231705	0.000883132175449	0.000271112918531	0.00015880578053	0.000826104915324	0.000581620783249	0.0128004995317	0.00399248473462	0.000822948506936	0.000195484312384	0.000788110785859	0.00264270613108	0.00172771250864	0.000198728139905	0.00813931478327	0.00140216698534	0.00112039111835	0.000310013433915	6.42343268243e-05
k__Bacteria;p__Actinobacteria;c__Actinobacteria;o__Actinomycetales;f__Actinomycetaceae;g__Arcanobacterium	0.0	0.00150489089541	0.0	0.0	0.0	0.000143802128271	0.0	0.0	0.0	0.0	0.0	0.0	0.0	0.0	0.0	0.0	0.0	0.0	0.0	0.0	0.0	0.0	0.0	0.0	0.0	0.0	0.0	0.0
k__Bacteria;p__Actinobacteria;c__Actinobacteria;o__Actinomycetales;f__Actinomycetaceae;g__Mobiluncus	0.0	0.0	0.0	0.0	0.0	0.0	0.0	0.0	0.0	0.0	0.0	0.0	0.0	0.0	0.0	0.0	0.0	0.0	0.0	0.0	0.0	0.0	0.0	0.0	0.0	0.0	0.000103337811305	0.0
k__Bacteria;p__Actinobacteria;c__Actinobacteria;o__Actinomycetales;f__Actinomycetaceae;g__Varibaculum	0.0	0.0	0.0	0.0	0.0	0.0	0.0	0.000447227191413	0.0	0.0	0.0	0.0	0.0	0.0	0.0	0.000468310958476	0.0	0.0	0.0	0.0	0.0	0.0	0.000198728139905	0.000189286390309	0.0	0.0	0.0	0.0
k__Bacteria;p__Actinobacteria;c__Actinobacteria;o__Actinomycetales;f__Brevibacteriaceae;g__Brevibacterium	0.0	0.0	0.0	0.0	0.0	0.0	0.0	0.0	0.0	0.0	0.0	0.0	0.0	0.0	0.0	0.0	0.0	0.0	0.0	0.0	0.0	0.0	0.0	0.0	0.0	0.00875942147077	0.0	0.0
k__Bacteria;p__Actinobacteria;c__Actinobacteria;o__Actinomycetales;f__Corynebacteriaceae;g__Corynebacterium	0.0	0.000376222723853	0.0	0.0	0.000175870559268	0.0	0.0	0.000447227191413	0.0	0.0	0.0	0.0	0.0	0.0	0.0	0.000624414611302	0.0	0.0	0.0	0.0	0.000132135306554	0.0	0.00119236883943	0.000378572780617	0.00012746972594	0.00264819718884	0.000310013433915	0.000128468653649
k__Bacteria;p__Actinobacteria;c__Actinobacteria;o__Actinomycetales;f__Dermabacteraceae;g__Brachybacterium	0.0	0.0	0.0	0.0	0.0	0.0	0.0	0.0	0.0	0.0	0.0	0.0	0.0	0.0	0.0	0.0	0.0	0.0	0.0	0.0	0.0	0.0	0.0	0.0	0.0	0.000305561214097	0.0	0.0
k__Bacteria;p__Actinobacteria;c__Actinobacteria;o__Actinomycetales;f__Microbacteriaceae;g__	0.0	0.000376222723853	9.80776775206e-05	0.0	0.0	0.0	0.0	0.0	0.00017310022503	0.000158052789632	0.000147188695908	0.0	0.00015880578053	0.0	0.0	0.0	0.0	0.000117564072419	0.0	0.0	0.0	0.0	0.0	0.0	0.0	0.0	0.0	0.0
k__Bacteria;p__Actinobacteria;c__Actinobacteria;o__Actinomycetales;f__Microbacteriaceae;g__Microbacterium	0.0	0.0	0.0	0.0	0.0	0.0	0.0	0.000223613595707	0.0	0.0	0.0	0.0	0.0	0.0	0.0	0.000156103652825	0.000117426021606	0.0	0.0	0.0	0.0	0.000345542501728	0.0	0.0	0.0	0.000203707476064	0.0	0.0
k__Bacteria;p__Actinobacteria;c__Actinobacteria;o__Actinomycetales;f__Micrococcaceae;g__	0.0	0.0	9.80776775206e-05	0.0	0.0	0.0	0.0	0.0	0.0	0.0	0.0	0.0	0.0	0.0	0.0	0.0	0.0	0.0	0.0	0.0	0.0	0.0	0.0	0.0	0.0	0.0	0.0	0.0
k__Bacteria;p__Actinobacteria;c__Actinobacteria;o__Actinomycetales;f__Micrococcaceae;g__Arthrobacter	0.0	0.0	0.0	0.0	0.0	0.0	0.0	0.0	0.0	0.0	0.0	0.0	0.0	0.0	0.0	0.0	0.0	0.0	0.0	0.0	0.0	0.0	0.0	0.0	0.0	0.00132409859442	0.0	0.0
k__Bacteria;p__Actinobacteria;c__Actinobacteria;o__Actinomycetales;f__Micrococcaceae;g__Kocuria	0.0	0.0	0.000196155355041	0.0	0.0	0.0	0.0	0.0	0.0	0.0	0.0	0.0	0.0	0.0	0.0	0.0	0.0	0.0	0.0	0.0	0.0	0.0	0.0	0.0	0.0	0.0	0.0	0.0
k__Bacteria;p__Actinobacteria;c__Actinobacteria;o__Actinomycetales;f__Micrococcaceae;g__Rothia	0.0	0.000376222723853	0.000294233032562	0.000439947206335	0.0	0.000143802128271	0.000124719381392	0.0067084078712	0.0	0.0	0.000147188695908	0.0	0.0	0.000137684152554	0.0	0.0110833593506	0.000587130108032	0.000117564072419	0.0	0.0	0.0	0.000691085003455	0.000397456279809	0.00321786863525	0.00025493945188	0.0	0.000103337811305	0.000128468653649
k__Bacteria;p__Actinobacteria;c__Actinobacteria;o__Actinomycetales;f__Nocardiaceae;g__Rhodococcus	0.0	0.0	0.0	0.0	0.0	0.0	0.0	0.0	0.0	0.0	0.0	0.0	0.0	0.0	0.000193873594416	0.0	0.0	0.0	0.0	0.0	0.0	0.0	0.0	0.0	0.0	0.0	0.0	0.0
k__Bacteria;p__Actinobacteria;c__Actinobacteria;o__Actinomycetales;f__Propionibacteriaceae;g__	0.0	0.00112866817156	9.80776775206e-05	0.0	0.000175870559268	0.000431406384814	0.00124719381392	0.00067084078712	0.000346200450061	0.0	0.000883132175449	0.000271112918531	0.0	0.0	0.0	0.0	0.0	0.000235128144839	9.7742156192e-05	0.000337761765368	0.0	0.0	0.0	0.0	0.00484384958572	0.0	0.0	0.0
k__Bacteria;p__Actinobacteria;c__Actinobacteria;o__Actinomycetales;f__Propionibacteriaceae;g__Propionibacterium	0.0	0.000752445447705	0.0	0.0	0.0	0.0	0.0	0.0	0.0	0.0	0.0	0.0	0.0	0.0	0.0	0.0	0.000117426021606	0.0	0.0	0.0	0.0	0.0	0.0	0.0	0.0	0.0	0.0	0.0
k__Bacteria;p__Actinobacteria;c__Actinobacteria;o__Bifidobacteriales;f__Bifidobacteriaceae;g__Bifidobacterium	0.109208866462	0.0	0.0	0.0	0.16830812522	0.0491803278689	0.030556248441	0.00290697674419	0.0647394841613	0.22743796428	0.0585811009714	0.0210112511861	0.0660632047007	0.197163706457	0.0862737495153	0.0454261629722	0.00540159699389	0.0179873030802	0.00899227836966	0.0540418824589	0.157505285412	0.248445058742	0.0087440381558	0.0	0.0303377947737	0.162456712161	0.0525989459543	0.0565904419322
k__Bacteria;p__Actinobacteria;c__Actinobacteria;o__Bifidobacteriales;f__Bifidobacteriaceae;g__Scardovia	0.0	0.0218209179834	0.000490388387603	0.0	0.0	0.000143802128271	0.0	0.00111806797853	0.0	0.0	0.0	0.0	0.00015880578053	0.0	0.0	0.0	0.000704556129638	0.0	0.0	0.0	0.000132135306554	0.0	0.0	0.0	0.0	0.000407414952129	0.0	0.0
k__Bacteria;p__Actinobacteria;c__Coriobacteriia;o__Coriobacteriales;f__Coriobacteriaceae;g__	0.000180212650928	0.000752445447705	9.80776775206e-05	0.00087989441267	0.0284910306015	0.00790911705493	0.00249438762784	0.0360017889088	0.0121170157521	0.0766556029714	0.0170738887253	0.000271112918531	0.0122280451008	0.0	0.0131834044203	0.0227911333125	0.00234852043213	0.0129320479661	0.00195484312384	0.00945732943031	0.00251057082452	0.00518313752592	0.0121224165342	0.0	0.109241555131	0.0576492157262	0.0207709000723	0.0179856115108
k__Bacteria;p__Actinobacteria;c__Coriobacteriia;o__Coriobacteriales;f__Coriobacteriaceae;g__Adlercreutzia	0.000180212650928	0.0	0.019027069439	0.00102654348145	0.000351741118537	0.00445786597642	0.000748316288351	0.0	0.00536610697594	0.00142247510669	0.000441566087724	0.00325335502237	0.0015880578053	0.0	0.0	0.00889790821105	0.00140911225928	0.000235128144839	9.7742156192e-05	0.00112587255123	0.0	0.00172771250864	0.000794912559618	0.000946431951543	0.00688336520076	0.0	0.00361682339568	0.00192702980473
k__Bacteria;p__Actinobacteria;c__Coriobacteriia;o__Coriobacteriales;f__Coriobacteriaceae;g__Atopobium	0.0	0.0	9.80776775206e-05	0.0	0.0	0.0	0.0	0.0	0.0	0.0	0.000147188695908	0.0	0.0	0.0	0.0	0.000624414611302	0.0	0.0	0.0	0.0	0.0	0.0	0.0	0.0	0.0	0.000101853738032	0.0	0.0
k__Bacteria;p__Actinobacteria;c__Coriobacteriia;o__Coriobacteriales;f__Coriobacteriaceae;g__Collinsella	0.00612723013156	0.0	0.0	0.0	0.0225114315864	0.0030198446937	0.0	0.0825134168157	0.00882811147654	0.00537379484748	0.00735943479541	0.000135556459265	0.0	0.00289136720363	0.016285381931	0.0226350296597	0.0	0.00611333176581	0.0012706480305	0.00461607746003	0.0	0.0145127850726	0.0701510333863	0.0	0.023454429573	0.00865756773274	0.012193861734	0.00828622816033
k__Bacteria;p__Actinobacteria;c__Coriobacteriia;o__Coriobacteriales;f__Coriobacteriaceae;g__Eggerthella	0.00090106325464	0.00376222723853	0.000588466065124	0.0	0.0	0.0	0.000249438762784	0.000447227191413	0.0	0.0	0.0	0.0	0.0	0.000275368305108	0.0	0.0	0.0	0.0	0.0	0.0	0.00158562367865	0.0	0.0	0.0	0.0	0.0025463434508	0.000103337811305	0.0
k__Bacteria;p__Actinobacteria;c__Coriobacteriia;o__Coriobacteriales;f__Coriobacteriaceae;g__Enterococcus	0.0	0.0	0.0	0.0	0.0	0.0	0.0	0.0	0.0	0.000790263948159	0.0	0.0	0.0	0.0	0.0	0.0	0.0	0.000117564072419	0.0	0.0	0.0	0.0	0.0	0.0	0.00050987890376	0.0	0.0	0.0
k__Bacteria;p__Actinobacteria;c__Coriobacteriia;o__Coriobacteriales;f__Coriobacteriaceae;g__Slackia	0.0	0.0	0.0	0.000439947206335	0.00633134013366	0.0	0.0	0.0199016100179	0.00138480180024	0.00110636952742	0.00235501913453	0.0	0.000794028902652	0.00068842076277	0.002326483133	0.00140493287543	0.0	0.000117564072419	0.000195484312384	0.00112587255123	0.0	0.00362819626814	0.0121224165342	0.0	0.0025493945188	0.0	0.00692363335745	0.000706577595067
k__Bacteria;p__Actinobacteria;c__OPB41;o__;f__;g__	0.0	0.0	0.0	0.0	0.0	0.0	0.0	0.0	0.0	0.000474158368895	0.0	0.0	0.0	0.0	0.0	0.000156103652825	0.0	0.0	0.0	0.0	0.0	0.0	0.000198728139905	0.0	0.00114722753346	0.000101853738032	0.0	0.0
k__Bacteria;p__Bacteroidetes;c__Bacteroidia;o__Bacteroidales;f__;g__	0.0	0.000376222723853	0.0	0.0	0.0	0.0	0.0	0.0	0.0	0.00316105579263	0.0017662643509	0.0	0.0	0.0	0.0	0.0	0.0	0.0	0.0	0.00416572843954	0.0	0.0	0.0	0.0	0.0	0.000203707476064	0.0	0.0152235354573
k__Bacteria;p__Bacteroidetes;c__Bacteroidia;o__Bacteroidales;f__Bacteroidaceae;g__5-7N15	0.0	0.0	0.0	0.0	0.0	0.0	0.0	0.0	0.0	0.0	0.0	0.0	0.0	0.0	0.0	0.0	0.0	0.0	0.0	0.0	0.0	0.000172771250864	0.0	0.0	0.0	0.0	0.0	0.0
k__Bacteria;p__Bacteroidetes;c__Bacteroidia;o__Bacteroidales;f__Bacteroidaceae;g__Bacteroides	0.0308163633087	0.00376222723853	0.0632601020008	0.537615486142	0.120998944777	0.00661489790049	0.000124719381392	0.122540250447	0.00467370607582	0.00268689742374	0.0575507801001	0.223668157788	0.0724154359219	0.0823351232273	0.0633966653742	0.00171714018108	0.160286519493	0.00775922877968	0.251392825726	0.0283719882909	0.0395084566596	0.184692467173	0.018680445151	0.00416430058679	0.021287444232	0.00835200651864	0.195721814612	0.0477261048304
k__Bacteria;p__Bacteroidetes;c__Bacteroidia;o__Bacteroidales;f__Porphyromonadaceae;g__Parabacteroides	0.0142367994233	0.00150489089541	0.0	0.0327027423376	0.00545198733732	0.000143802128271	0.0	0.00983899821109	0.00328890427558	0.000474158368895	0.0125110391522	0.037278026298	0.0112752104177	0.0033044196613	0.034897246995	0.000156103652825	0.00763269140442	0.0149306371973	0.0346984654481	0.000337761765368	0.0	0.0288527988943	0.0123211446741	0.0	0.00152963671128	0.000407414952129	0.028107884675	0.00276207605344
k__Bacteria;p__Bacteroidetes;c__Bacteroidia;o__Bacteroidales;f__Porphyromonadaceae;g__Porphyromonas	0.0	0.0	0.0	0.0	0.0	0.0	0.0	0.0	0.0	0.0	0.0	0.0	0.0	0.0	0.0	0.0	0.0	0.000117564072419	0.0	0.0	0.0	0.0	0.000397456279809	0.0	0.0	0.0	0.0	0.0
k__Bacteria;p__Bacteroidetes;c__Bacteroidia;o__Bacteroidales;f__Prevotellaceae;g__	0.0	0.0	0.0	0.0	0.0	0.0	0.0	0.0	0.0	0.000316105579263	0.0	0.0	0.0	0.0	0.0	0.0	0.0	0.0	0.0	0.000562936275614	0.0	0.0	0.0	0.0	0.0	0.0	0.0	0.000770811921891
k__Bacteria;p__Bacteroidetes;c__Bacteroidia;o__Bacteroidales;f__Prevotellaceae;g__Prevotella	0.0	0.0	0.000392310710082	0.0343158820941	0.00246218782976	0.000431406384814	0.0	0.00134168157424	0.00017310022503	0.00474158368895	0.0460700618193	0.000813338755592	0.00015880578053	0.00192757813576	0.0	0.0363721511083	0.000704556129638	0.000117564072419	0.000684195093344	0.00258950686782	0.0	0.000172771250864	0.0137122416534	0.0	0.00458891013384	0.000305561214097	0.000723364679136	0.0337230215827
k__Bacteria;p__Bacteroidetes;c__Bacteroidia;o__Bacteroidales;f__Rikenellaceae;g__	0.00198233916021	0.0	0.00117693213025	0.00982548760815	0.0	0.000287604256543	0.0	0.00447227191413	0.00017310022503	0.0	0.023991757433	0.0668293344178	0.00571700809909	0.0111524163569	0.0298565335401	0.0	0.00974635979333	0.0048201269692	0.0854266445118	0.00923215492006	0.0	0.00656530753283	0.000794912559618	0.0	0.00242192479286	0.000509268690161	0.0421618270125	0.00668036998972
k__Bacteria;p__Bacteroidetes;c__Bacteroidia;o__Bacteroidales;f__Rikenellaceae;g__Alistipes	0.0	0.0	0.0	0.0	0.000703482237074	0.0	0.0	0.0	0.0	0.0	0.00294377391816	0.0	0.0	0.00481894533939	0.000193873594416	0.0	0.000117426021606	0.000117564072419	0.00596227152771	0.0	0.00132135306554	0.0	0.0	0.0	0.00025493945188	0.000101853738032	0.0079570114705	0.0
k__Bacteria;p__Bacteroidetes;c__Bacteroidia;o__Bacteroidales;f__S24-7;g__	0.0	0.0	0.0	0.0	0.0	0.0	0.0	0.0	0.0	0.0	0.0181042095967	0.00528670191135	0.0	0.0	0.0	0.0	0.0	0.0	0.0	0.0	0.0	0.0	0.000198728139905	0.0	0.0044614404079	0.0	0.00020667562261	0.00558838643371
k__Bacteria;p__Bacteroidetes;c__Bacteroidia;o__Bacteroidales;f__[Barnesiellaceae];g__	0.00216255181114	0.000376222723853	0.0	0.00351957765068	0.000527611677805	0.0	0.0	0.00134168157424	0.00121170157521	0.000158052789632	0.00117750956727	0.0120645248746	0.0015880578053	0.000275368305108	0.00426521907716	0.0	0.0158525129169	0.000587820362097	0.00146613234288	0.000225174510245	0.000264270613108	0.0043192812716	0.000596184419714	0.0	0.00242192479286	0.000101853738032	0.00671695773484	0.00224820143885
k__Bacteria;p__Bacteroidetes;c__Bacteroidia;o__Bacteroidales;f__[Odoribacteraceae];g__Butyricimonas	0.0	0.0	0.0	0.0020530869629	0.000527611677805	0.0	0.0	0.000223613595707	0.0	0.0	0.00235501913453	0.00122000813339	0.0	0.000413052457662	0.0	0.0	0.00152653828088	0.0	9.7742156192e-05	0.000112587255123	0.0	0.000172771250864	0.000596184419714	0.0	0.000764818355641	0.0	0.00330680996177	0.000513874614594
k__Bacteria;p__Bacteroidetes;c__Bacteroidia;o__Bacteroidales;f__[Odoribacteraceae];g__Odoribacter	0.0	0.0	0.000588466065124	0.00307963044435	0.000703482237074	0.0	0.0	0.000447227191413	0.0	0.000158052789632	0.00647630261996	0.00393113731869	0.000794028902652	0.000963789067878	0.000193873594416	0.0	0.00140911225928	0.000705384434517	0.00371420193529	0.000112587255123	0.0	0.000863856254319	0.0	0.0	0.00012746972594	0.000305561214097	0.00165340498088	0.000128468653649
k__Bacteria;p__Bacteroidetes;c__Bacteroidia;o__Bacteroidales;f__[Paraprevotellaceae];g__	0.0	0.0	0.0	0.00190643789412	0.0	0.0	0.0	0.0	0.0	0.000158052789632	0.0	0.0	0.00269969826902	0.0	0.0	0.0	0.0	0.0	0.0	0.000112587255123	0.0	0.0	0.00158982511924	0.0	0.000892288081581	0.0	0.0	0.00102774922919
k__Bacteria;p__Bacteroidetes;c__Bacteroidia;o__Bacteroidales;f__[Paraprevotellaceae];g__Paraprevotella	0.0	0.0	0.0	0.0114386273647	0.00228631727049	0.000287604256543	0.0	0.0	0.0	0.0	0.00471003826906	0.0035244679409	0.0	0.0	0.00135711516092	0.000468310958476	0.0	0.000822948506936	0.0	0.0010132852961	0.0	0.0	0.000794912559618	0.0	0.000892288081581	0.0	0.0	0.00192702980473
k__Bacteria;p__Bacteroidetes;c__Bacteroidia;o__Bacteroidales;f__[Paraprevotellaceae];g__[Prevotella]	0.0	0.0	0.0	0.0	0.0	0.0	0.0	0.0	0.0	0.0	0.00706505740359	0.000542225837061	0.0	0.0	0.0	0.00171714018108	0.0	0.0	0.0210145635813	0.0	0.0	0.0	0.0	0.0	0.0	0.0	0.0	0.0
k__Bacteria;p__Bacteroidetes;c__Flavobacteriia;o__Flavobacteriales;f__Flavobacteriaceae;g__	0.0	0.0	0.0	0.0	0.0	0.0	0.0	0.0	0.0	0.0	0.0	0.0	0.00015880578053	0.0	0.0	0.0	0.0	0.000117564072419	0.0	0.0	0.0	0.0	0.0	0.0	0.0	0.0	0.0	0.0
k__Bacteria;p__Firmicutes;c__Bacilli;o__Bacillales;f__Bacillaceae;g__	0.0	0.0	0.0	0.0	0.000175870559268	0.000719010641357	0.000249438762784	0.0	0.0	0.0	0.0	0.0	0.0	0.0	0.0	0.00140493287543	0.0	0.0	0.000293226468576	0.0	0.0	0.0	0.0	0.0	0.0	0.00112039111835	0.0	0.00147738951696
k__Bacteria;p__Firmicutes;c__Bacilli;o__Bacillales;f__Bacillaceae;g__Bacillus	0.0	0.0	0.0	0.0	0.0	0.0	0.00124719381392	0.0	0.0	0.0	0.0	0.0	0.0	0.0	0.0	0.0	0.0	0.0	0.0	0.0	0.0	0.0	0.0	0.0	0.0	0.0	0.0	0.0
k__Bacteria;p__Firmicutes;c__Bacilli;o__Bacillales;f__Planococcaceae;g__	0.000360425301856	0.00752445447705	0.0166732051785	0.0	0.000351741118537	0.00762151279839	0.00386630082315	0.00178890876565	0.000346200450061	0.00205468626521	0.000147188695908	0.000135556459265	0.000635223122122	0.000550736610216	0.0	0.00265376209803	0.000821982151245	0.0	0.0	0.000450349020491	0.00264270613108	0.0081202487906	0.00139109697933	0.0	0.00497131931166	0.000712976166225	0.0	0.0
k__Bacteria;p__Firmicutes;c__Bacilli;o__Bacillales;f__Staphylococcaceae;g__	0.0	0.0	0.0	0.0	0.0	0.0	0.0	0.0	0.0	0.0	0.0	0.0	0.0	0.0	0.0	0.0	0.0	0.0	0.0	0.0	0.0	0.0	0.0	0.0	0.0	0.000101853738032	0.0	0.0
k__Bacteria;p__Firmicutes;c__Bacilli;o__Bacillales;f__Staphylococcaceae;g__Jeotgalicoccus	0.0	0.0	0.0	0.0	0.0	0.0	0.0	0.0	0.0	0.0	0.0	0.0	0.0	0.0	0.0	0.0	0.0	0.0	0.0	0.0	0.0	0.0	0.0	0.0	0.0	0.000101853738032	0.0	0.0
k__Bacteria;p__Firmicutes;c__Bacilli;o__Bacillales;f__Staphylococcaceae;g__Staphylococcus	0.0	0.000376222723853	0.000392310710082	0.0	0.0	0.000287604256543	0.00261910700923	0.0	0.0	0.0	0.000294377391816	0.0	0.0	0.000137684152554	0.0	0.000780518264127	0.000117426021606	0.0	9.7742156192e-05	0.0	0.000264270613108	0.0	0.0	0.0	0.0	0.00753717661438	0.00020667562261	0.0
k__Bacteria;p__Firmicutes;c__Bacilli;o__Gemellales;f__;g__	0.000360425301856	0.00225733634312	0.0	0.000146649068778	0.000879352796342	0.0	0.000124719381392	0.0	0.0	0.0	0.0	0.0	0.0	0.000550736610216	0.0	0.0	0.0	0.0	0.0	0.0	0.000396405919662	0.0	0.0	0.0	0.00050987890376	0.000101853738032	0.0	0.000128468653649
k__Bacteria;p__Firmicutes;c__Bacilli;o__Gemellales;f__Gemellaceae;g__	0.0	0.00112866817156	0.0	0.000146649068778	0.000175870559268	0.0	0.000374158144176	0.00245974955277	0.00017310022503	0.0	0.0	0.000135556459265	0.0	0.000137684152554	0.0	0.000312207305651	0.0	0.0	0.0	0.0	0.000132135306554	0.0	0.0	0.0	0.0006373486297	0.000509268690161	0.0	0.0
k__Bacteria;p__Firmicutes;c__Bacilli;o__Gemellales;f__Gemellaceae;g__Gemella	0.000180212650928	0.00827689992476	0.0	0.000146649068778	0.000703482237074	0.0	0.000124719381392	0.0	0.00017310022503	0.0	0.0	0.000406669377796	0.0	0.000137684152554	0.0	0.00109272556978	0.000352278064819	0.0	0.0	0.000225174510245	0.000264270613108	0.0	0.000198728139905	0.000378572780617	0.00101975780752	0.000101853738032	0.00020667562261	0.0
k__Bacteria;p__Firmicutes;c__Bacilli;o__Lactobacillales;f__;g__	0.0	0.00451467268623	0.00147116516281	0.0	0.0	0.00143802128271	0.00162135195809	0.000447227191413	0.0	0.000316105579263	0.000588754783633	0.0	0.0	0.000137684152554	0.0	0.000936621916953	0.000117426021606	0.0	0.000684195093344	0.0	0.000792811839323	0.0	0.0	0.000567859170926	0.0	0.00183336728458	0.0	0.0
k__Bacteria;p__Firmicutes;c__Bacilli;o__Lactobacillales;f__Aerococcaceae;g__	0.0	0.000752445447705	0.0	0.0	0.0	0.0	0.0	0.00134168157424	0.00017310022503	0.0	0.0	0.0	0.0	0.0	0.0	0.0	0.0	0.0	9.7742156192e-05	0.0	0.0	0.0	0.0	0.0	0.0	0.000101853738032	0.0	0.0
k__Bacteria;p__Firmicutes;c__Bacilli;o__Lactobacillales;f__Aerococcaceae;g__Abiotrophia	0.0	0.0	0.0	0.0	0.0	0.0	0.0	0.00134168157424	0.0	0.0	0.0	0.0	0.0	0.0	0.0	0.0	0.0	0.0	0.0	0.0	0.000132135306554	0.0	0.000198728139905	0.0	0.0	0.000305561214097	0.0	6.42343268243e-05
k__Bacteria;p__Firmicutes;c__Bacilli;o__Lactobacillales;f__Aerococcaceae;g__Aerococcus	0.0	0.000376222723853	0.0	0.0	0.0	0.0	0.0	0.0	0.0	0.0	0.0	0.0	0.0	0.000137684152554	0.0	0.000156103652825	0.0	0.0	0.0	0.0	0.0	0.0	0.0	0.0	0.0	0.000712976166225	0.0	0.0
k__Bacteria;p__Firmicutes;c__Bacilli;o__Lactobacillales;f__Aerococcaceae;g__Alkalibacterium	0.0	0.0	0.0	0.0	0.0	0.0	0.0	0.0	0.0	0.0	0.0	0.0	0.0	0.0	0.0	0.0	0.0	0.0	0.0	0.0	0.0	0.0	0.0	0.0	0.0	0.000305561214097	0.0	0.0
k__Bacteria;p__Firmicutes;c__Bacilli;o__Lactobacillales;f__Aerococcaceae;g__Alloiococcus	0.0	0.000376222723853	0.0	0.0	0.0	0.0	0.0	0.0	0.0	0.0	0.000147188695908	0.0	0.0	0.0	0.0	0.0	0.0	0.0	0.0	0.0	0.0	0.0	0.0	0.0	0.00025493945188	0.0	0.0	0.0
k__Bacteria;p__Firmicutes;c__Bacilli;o__Lactobacillales;f__Aerococcaceae;g__Facklamia	0.0	0.00188111361926	0.0	0.0	0.0	0.0	0.0	0.0	0.0	0.0	0.0	0.0	0.0	0.0	0.0	0.0	0.0	0.0	0.0	0.0	0.0	0.0	0.0	0.0	0.0	0.000203707476064	0.0	0.0
k__Bacteria;p__Firmicutes;c__Bacilli;o__Lactobacillales;f__Aerococcaceae;g__Marinilactibacillus	0.0	0.0	0.0	0.0	0.0	0.0	0.0	0.0	0.0	0.0	0.0	0.0	0.0	0.0	0.0	0.0	0.0	0.0	0.0	0.0	0.0	0.0	0.0	0.0	0.0	0.000203707476064	0.0	0.0
k__Bacteria;p__Firmicutes;c__Bacilli;o__Lactobacillales;f__Carnobacteriaceae;g__	0.0	0.0	0.0	0.0	0.0	0.0	0.000124719381392	0.0	0.0	0.0	0.0	0.0	0.0	0.0	0.0	0.0	0.0	0.0	0.0	0.0	0.0	0.0	0.0	0.0	0.0	0.0	0.0	0.0
k__Bacteria;p__Firmicutes;c__Bacilli;o__Lactobacillales;f__Carnobacteriaceae;g__Carnobacterium	0.0	0.000376222723853	0.0	0.0	0.0	0.0	0.0	0.000223613595707	0.0	0.0	0.0	0.0	0.0	0.0	0.0	0.000156103652825	0.0	0.0	0.0	0.0	0.0	0.0	0.0	0.0	0.0	0.0	0.0	0.0
k__Bacteria;p__Firmicutes;c__Bacilli;o__Lactobacillales;f__Carnobacteriaceae;g__Desemzia	0.0	0.0	0.0	0.0	0.0	0.0	0.0	0.0	0.0	0.0	0.0	0.0	0.0	0.0	0.0	0.000624414611302	0.0	0.000117564072419	0.0	0.0	0.00066067653277	0.0	0.0	0.0	0.0	0.0	0.0	0.0
k__Bacteria;p__Firmicutes;c__Bacilli;o__Lactobacillales;f__Carnobacteriaceae;g__Granulicatella	0.000180212650928	0.0191873589165	0.00255001961554	0.0	0.000527611677805	0.00244463618062	0.00124719381392	0.00201252236136	0.000692400900121	0.000158052789632	0.000588754783633	0.00122000813339	0.00015880578053	0.000413052457662	0.0	0.00390259132064	0.0	0.000235128144839	9.7742156192e-05	0.0	0.00264270613108	0.000518313752592	0.000198728139905	0.00113571834185	0.0	0.00478712568751	0.0	0.000128468653649
k__Bacteria;p__Firmicutes;c__Bacilli;o__Lactobacillales;f__Enterococcaceae;g__	0.0	0.00413844996238	0.000392310710082	0.0	0.0	0.0	0.00810675979047	0.00268336314848	0.00121170157521	0.0	0.000147188695908	0.0	0.0	0.0	0.0	0.0012488292226	0.000939408172851	0.0	0.0	0.0	0.0	0.0	0.0	0.00170357751278	0.0	0.0	0.0	6.42343268243e-05
k__Bacteria;p__Firmicutes;c__Bacilli;o__Lactobacillales;f__Enterococcaceae;g__Enterococcus	0.00108127590557	0.00564334085779	0.000686543742644	0.0	0.0	0.0	0.0314292841108	0.00469588550984	0.0017310022503	0.0	0.000147188695908	0.0	0.00015880578053	0.00344210381385	0.000193873594416	0.0198251639088	0.00234852043213	0.000117564072419	0.0	0.0	0.00673890063425	0.0	0.0	0.00511073253833	0.0	0.000101853738032	0.0	0.00301901336074
k__Bacteria;p__Firmicutes;c__Bacilli;o__Lactobacillales;f__Enterococcaceae;g__Vagococcus	0.0	0.012791572611	0.000392310710082	0.0	0.000175870559268	0.0	0.000748316288351	0.00067084078712	0.000519300675091	0.0	0.0	0.0	0.0	0.000275368305108	0.0	0.00265376209803	0.0	0.0	0.0	0.0	0.000264270613108	0.000172771250864	0.000198728139905	0.000946431951543	0.00025493945188	0.000101853738032	0.000103337811305	6.42343268243e-05
k__Bacteria;p__Firmicutes;c__Bacilli;o__Lactobacillales;f__Lactobacillaceae;g__	0.000360425301856	0.0	0.0	0.0	0.0	0.0	0.0	0.0	0.0	0.0	0.0	0.0	0.000476417341591	0.0	0.0	0.000156103652825	0.0	0.0	0.0	0.0	0.0	0.0	0.0	0.0	0.0	0.0	0.0	0.0
k__Bacteria;p__Firmicutes;c__Bacilli;o__Lactobacillales;f__Lactobacillaceae;g__Lactobacillus	0.543881780501	0.00263355906697	0.000588466065124	0.0	0.0	0.00143802128271	0.000374158144176	0.00156529516995	0.0	0.0	0.0	0.000271112918531	0.000794028902652	0.00413052457662	0.00853043815432	0.000780518264127	0.0151479567872	0.0	0.0	0.000225174510245	0.0	0.0	0.0	0.000189286390309	0.00344168260038	0.0	0.0	0.0
k__Bacteria;p__Firmicutes;c__Bacilli;o__Lactobacillales;f__Lactobacillaceae;g__Pediococcus	0.0336997657236	0.0	0.0	0.0	0.0	0.0	0.000124719381392	0.000894454382826	0.0	0.0	0.0	0.0	0.0	0.0	0.0	0.0079612862941	0.0073978393612	0.0	0.0	0.0	0.0	0.0	0.0	0.0	0.0	0.0	0.0	0.0
k__Bacteria;p__Firmicutes;c__Bacilli;o__Lactobacillales;f__Leuconostocaceae;g__	0.0	0.0	0.000196155355041	0.0	0.0	0.0	0.0	0.0	0.0	0.0	0.0	0.0	0.0	0.0	0.0	0.0	0.000117426021606	0.0	0.0	0.0	0.0	0.0	0.0	0.0	0.0	0.0	0.0	0.0
k__Bacteria;p__Firmicutes;c__Bacilli;o__Lactobacillales;f__Leuconostocaceae;g__Leuconostoc	0.000180212650928	0.0	0.00117693213025	0.0	0.0	0.000143802128271	0.000873035669743	0.0	0.000692400900121	0.0	0.0	0.000813338755592	0.0	0.0	0.0	0.0012488292226	0.0	0.0	0.000390968624768	0.0	0.000924947145877	0.0	0.0	0.000567859170926	0.0006373486297	0.00325931961703	0.0	0.000128468653649
k__Bacteria;p__Firmicutes;c__Bacilli;o__Lactobacillales;f__Leuconostocaceae;g__Weissella	0.0	0.0	0.000294233032562	0.0	0.0	0.0	0.0	0.0	0.0	0.0	0.0	0.0	0.0	0.0	0.0	0.0	0.000469704086426	0.0	0.0	0.0	0.0	0.0	0.0	0.0	0.0	0.0	0.0	0.0
k__Bacteria;p__Firmicutes;c__Bacilli;o__Lactobacillales;f__Streptococcaceae;g__	0.000540637952784	0.00150489089541	0.0	0.0	0.0	0.0	0.000124719381392	0.000223613595707	0.00017310022503	0.0	0.0	0.000271112918531	0.0	0.000413052457662	0.0	0.0012488292226	0.0	0.0	0.0	0.0	0.0	0.0	0.0	0.000189286390309	0.0	0.000101853738032	0.000103337811305	0.0
k__Bacteria;p__Firmicutes;c__Bacilli;o__Lactobacillales;f__Streptococcaceae;g__Lactococcus	0.000180212650928	0.00526711813394	0.00353079639074	0.0	0.0	0.0104975553638	0.00536293339985	0.00156529516995	0.00882811147654	0.000158052789632	0.000294377391816	0.000677782296326	0.0	0.000137684152554	0.000193873594416	0.000780518264127	0.000469704086426	0.0	0.000195484312384	0.000112587255123	0.00383192389006	0.000518313752592	0.000198728139905	0.000189286390309	0.000892288081581	0.0241393359136	0.000310013433915	0.0
k__Bacteria;p__Firmicutes;c__Bacilli;o__Lactobacillales;f__Streptococcaceae;g__Streptococcus	0.0153180753289	0.0620767494357	0.181639858768	0.00982548760815	0.00474850510025	0.169398907104	0.00910451484161	0.061717352415	0.0136749177774	0.0145408566461	0.000441566087724	0.00284668564457	0.00333492139114	0.0128046261875	0.000969367972082	0.22432094911	0.0859558478159	0.00105807665178	0.00684195093344	0.00439090294979	0.141913319239	0.0158949550795	0.00635930047695	0.0157107703956	0.0155513065647	0.012528009778	0.00237676966002	0.00205549845838
k__Bacteria;p__Firmicutes;c__Bacilli;o__Turicibacterales;f__Turicibacteraceae;g__Turicibacter	0.0	0.0	0.0	0.0	0.00298979950756	0.00517687661777	0.000124719381392	0.0	0.0	0.0	0.0	0.0	0.0	0.0	0.0	0.0012488292226	0.0	0.0	0.000293226468576	0.000225174510245	0.0	0.0	0.0	0.0	0.0	0.003157465879	0.0	0.00250513874615
k__Bacteria;p__Firmicutes;c__Clostridia;o__;f__;g__	0.0	0.0	0.0	0.0	0.000175870559268	0.0	0.0	0.0	0.0	0.000158052789632	0.0	0.0	0.0	0.0	0.0	0.0	0.0	0.0	0.0	0.0	0.0	0.0	0.000198728139905	0.0	0.00012746972594	0.0	0.0	6.42343268243e-05
k__Bacteria;p__Firmicutes;c__Clostridia;o__Clostridiales;f__;g__	0.0160389259326	0.148984198646	0.0705178501373	0.0315295497874	0.0902215969047	0.085274662065	0.0268146669993	0.0386851520572	0.0527955686342	0.116642958748	0.158080659405	0.0673715602548	0.052405907575	0.067602918904	0.0422644435828	0.0407430533874	0.0372240488492	0.143663296497	0.0378262144463	0.0901823913533	0.0486257928118	0.0392190739461	0.0991653418124	0.022714366837	0.144040790312	0.145854552862	0.068409631084	0.128918293936
k__Bacteria;p__Firmicutes;c__Clostridia;o__Clostridiales;f__Christensenellaceae;g__	0.017660839791	0.000752445447705	0.00205963122793	0.00190643789412	0.000703482237074	0.000862812769629	0.0	0.00424865831843	0.000692400900121	0.00395131974079	0.0206064174271	0.0128778636302	0.0020644751469	0.000275368305108	0.000775494377666	0.000156103652825	0.00246594645373	0.000822948506936	0.00576678721533	0.000788110785859	0.00502114164905	0.00103662750518	0.0121224165342	0.000567859170926	0.00331421287444	0.000101853738032	0.00527022837656	0.0112410071942
k__Bacteria;p__Firmicutes;c__Clostridia;o__Clostridiales;f__Christensenellaceae;g__Christensenella	0.00198233916021	0.0	0.0	0.000146649068778	0.000351741118537	0.000143802128271	0.0	0.00201252236136	0.000519300675091	0.00221273905484	0.0	0.000813338755592	0.0	0.000137684152554	0.000193873594416	0.000156103652825	0.000352278064819	0.0	0.000293226468576	0.0	0.000924947145877	0.00103662750518	0.000794912559618	0.0	0.00140216698534	0.000101853738032	0.00103337811305	0.000321171634121
k__Bacteria;p__Firmicutes;c__Clostridia;o__Clostridiales;f__Clostridiaceae;g__	0.0	0.0632054176072	0.00205963122793	0.00175978882534	0.00474850510025	0.00848432556802	0.00162135195809	0.0118515205725	0.00276960360048	0.0034771613719	0.0113335295849	0.00298224210384	0.00571700809909	0.00564505025472	0.0124079100427	0.00421479862629	0.0017613903241	0.00552551140372	0.00645098230867	0.0111461382571	0.0146670190275	0.00328265376641	0.00655802861685	0.00548930531895	0.0110898661568	0.0270930943166	0.0104371189418	0.00745118191161
k__Bacteria;p__Firmicutes;c__Clostridia;o__Clostridiales;f__Clostridiaceae;g__02d06	0.000180212650928	0.0165537998495	0.0	0.0	0.0	0.0	0.0	0.0	0.00017310022503	0.000158052789632	0.000294377391816	0.0	0.0	0.0	0.0	0.0	0.0	0.0	0.0	0.000450349020491	0.000132135306554	0.0	0.0	0.0	0.00114722753346	0.0088612752088	0.0	0.000385405960946
k__Bacteria;p__Firmicutes;c__Clostridia;o__Clostridiales;f__Clostridiaceae;g__Clostridium	0.000180212650928	0.0609480812641	0.0151039623382	0.000733245343892	0.0175870559268	0.0122231809031	0.00448989773011	0.00290697674419	0.0157521204778	0.00632211158527	0.00883132175449	0.00704893588179	0.0133396855646	0.0291890403415	0.0143466459868	0.0142054324071	0.00528417097229	0.0230425581942	0.0121200273678	0.0501013285296	0.00184989429175	0.003800967519	0.0139109697933	0.00473215975771	0.00968769917145	0.00539824811571	0.00527022837656	0.0263360739979
k__Bacteria;p__Firmicutes;c__Clostridia;o__Clostridiales;f__Clostridiaceae;g__SMB53	0.000360425301856	0.00752445447705	9.80776775206e-05	0.000146649068778	0.000175870559268	0.000575208513086	0.000498877525567	0.0	0.000346200450061	0.0	0.000294377391816	0.000135556459265	0.000317611561061	0.0	0.0	0.000468310958476	0.000234852043213	0.000117564072419	0.000195484312384	0.00225174510245	0.0	0.0	0.000596184419714	0.000189286390309	0.00114722753346	0.00590751680587	0.00020667562261	0.000192702980473
k__Bacteria;p__Firmicutes;c__Clostridia;o__Clostridiales;f__Clostridiaceae;g__Sarcina	0.0	0.0	0.0	0.0	0.0	0.0	0.0	0.0	0.0	0.0	0.0	0.0	0.0	0.0	0.0	0.0	0.0	0.0	0.0	0.0	0.0	0.0	0.0	0.0	0.0	0.000101853738032	0.0	0.0
k__Bacteria;p__Firmicutes;c__Clostridia;o__Clostridiales;f__Dehalobacteriaceae;g__	0.0	0.0	0.0	0.0	0.0	0.0	0.0	0.0	0.0	0.0	0.000147188695908	0.0	0.0	0.0	0.0	0.0	0.0	0.0	9.7742156192e-05	0.0	0.0	0.0	0.0	0.0	0.0	0.0	0.0	0.0
k__Bacteria;p__Firmicutes;c__Clostridia;o__Clostridiales;f__Dehalobacteriaceae;g__Dehalobacterium	0.0	0.0	0.0	0.0	0.0	0.0	0.0	0.0	0.0	0.0	0.0	0.000135556459265	0.0	0.0	0.0	0.0	0.000352278064819	0.0	9.7742156192e-05	0.0	0.000132135306554	0.0	0.000397456279809	0.0	0.00050987890376	0.0	0.000310013433915	0.000385405960946
k__Bacteria;p__Firmicutes;c__Clostridia;o__Clostridiales;f__EtOH8;g__	0.0	0.0	0.0	0.0	0.0	0.0	0.0	0.0	0.0	0.0	0.0	0.0	0.0	0.0	0.0	0.0	0.0	0.0	0.00107516371811	0.0	0.0	0.0	0.0	0.0	0.0	0.0	0.0	0.0
k__Bacteria;p__Firmicutes;c__Clostridia;o__Clostridiales;f__Eubacteriaceae;g__Anaerofustis	0.0	0.0	0.000196155355041	0.000293298137557	0.0	0.000143802128271	0.0	0.000894454382826	0.000346200450061	0.000632211158527	0.000147188695908	0.0	0.0	0.0	0.0	0.0	0.000352278064819	0.0	0.0	0.0	0.000132135306554	0.000172771250864	0.000198728139905	0.000567859170926	0.0	0.0	0.000103337811305	0.0
k__Bacteria;p__Firmicutes;c__Clostridia;o__Clostridiales;f__Eubacteriaceae;g__Pseudoramibacter_Eubacterium	0.000540637952784	0.0	0.0	0.000586596275114	0.0	0.0	0.0	0.0	0.00017310022503	0.0	0.0	0.0	0.0	0.0	0.0	0.000156103652825	0.000117426021606	0.0	0.000390968624768	0.0	0.0	0.0	0.0	0.0	0.00012746972594	0.000407414952129	0.0	0.0
k__Bacteria;p__Firmicutes;c__Clostridia;o__Clostridiales;f__Lachnospiraceae;g__	0.00792935664084	0.0752445447705	0.1186739898	0.0492740871095	0.0942666197679	0.149554213402	0.103267647792	0.12186940966	0.149385494201	0.0690690690691	0.10214895496	0.0942117391894	0.23042718755	0.144981412639	0.0692128732067	0.0983453012801	0.106153123532	0.105690101105	0.113771869807	0.205584327854	0.0286733615222	0.0646164478231	0.117448330684	0.000378572780617	0.106182281708	0.100733346914	0.156970135373	0.143692189106
k__Bacteria;p__Firmicutes;c__Clostridia;o__Clostridiales;f__Lachnospiraceae;g__Anaerostipes	0.0	0.0	0.00588466065124	0.000293298137557	0.0	0.000862812769629	0.000249438762784	0.0	0.000692400900121	0.0	0.000883132175449	0.00135556459265	0.000635223122122	0.000137684152554	0.000193873594416	0.0	0.000469704086426	0.0	0.000879679405728	0.000112587255123	0.000528541226216	0.0	0.00258346581876	0.0	0.00344168260038	0.000611122428193	0.000723364679136	0.00179856115108
k__Bacteria;p__Firmicutes;c__Clostridia;o__Clostridiales;f__Lachnospiraceae;g__Blautia	0.00342404036763	0.0620767494357	0.0823852491173	0.0262501833113	0.0617305663032	0.117054932413	0.0164629583437	0.111135957066	0.318158213606	0.0507349454718	0.0490138357374	0.0558492612173	0.130379545815	0.081509018312	0.12291585886	0.135654074305	0.0264208548614	0.251469550905	0.0665624083667	0.139720783607	0.0290697674419	0.0310988251555	0.0530604133545	0.00113571834185	0.0396430847674	0.0923813403952	0.0282112224863	0.0352646454265
k__Bacteria;p__Firmicutes;c__Clostridia;o__Clostridiales;f__Lachnospiraceae;g__Butyrivibrio	0.0	0.0	0.0	0.0	0.0	0.0	0.0	0.0	0.0	0.0	0.0	0.0	0.0	0.0	0.000193873594416	0.0	0.0	0.0	0.0	0.0	0.0	0.0	0.0	0.0	0.00012746972594	0.0	0.0	0.0
k__Bacteria;p__Firmicutes;c__Clostridia;o__Clostridiales;f__Lachnospiraceae;g__Coprococcus	0.00234276446207	0.0270880361174	0.0243232640251	0.0158380994281	0.0230390432642	0.0294794362957	0.00498877525567	0.0545617173524	0.0386013501818	0.0221273905484	0.0294377391816	0.0283312999864	0.0395426393521	0.0300151452568	0.0283055447848	0.034030596316	0.0174964772194	0.0309193510463	0.0322549115433	0.0289349245665	0.0158562367865	0.0122667588113	0.0180842607313	0.000189286390309	0.0267686424474	0.0429822774496	0.0241810478454	0.0278776978417
k__Bacteria;p__Firmicutes;c__Clostridia;o__Clostridiales;f__Lachnospiraceae;g__Dorea	0.00360425301856	0.0131677953348	0.054629266379	0.00982548760815	0.0276116778051	0.0431406384814	0.0979047143926	0.0125223613596	0.0366972477064	0.0189663347558	0.00735943479541	0.0115222990375	0.0373193584246	0.0447473495801	0.0476929042264	0.0195129566032	0.00833724753405	0.0415001175641	0.0265858664842	0.0332132402612	0.0158562367865	0.00915687629578	0.0504769475358	0.0	0.0137667304015	0.0341210022408	0.0110571458097	0.0179856115108
k__Bacteria;p__Firmicutes;c__Clostridia;o__Clostridiales;f__Lachnospiraceae;g__Epulopiscium	0.000180212650928	0.00413844996238	0.00235386426049	0.0	0.0	0.000575208513086	0.00361686206036	0.0	0.0	0.0	0.0	0.0	0.0	0.0	0.0	0.000468310958476	0.0	0.0	0.0	0.000112587255123	0.00066067653277	0.0	0.0	0.000946431951543	0.00050987890376	0.00356488083113	0.000103337811305	0.0
k__Bacteria;p__Firmicutes;c__Clostridia;o__Clostridiales;f__Lachnospiraceae;g__Lachnobacterium	0.0	0.0	0.0	0.0	0.000879352796342	0.000143802128271	0.0	0.0	0.0	0.0	0.0113335295849	0.0	0.0	0.0	0.0	0.0	0.0	0.000235128144839	0.0	0.0	0.0	0.0	0.0	0.0	0.0	0.0	0.0	0.000385405960946
k__Bacteria;p__Firmicutes;c__Clostridia;o__Clostridiales;f__Lachnospiraceae;g__Lachnospira	0.0	0.00188111361926	0.00264809729306	0.00381287578824	0.00721069293	0.00488927236123	0.000623596906959	0.00111806797853	0.00813571057642	0.0034771613719	0.00382690609361	0.00759116171886	0.00603461966016	0.00894946991601	0.0122140364482	0.0171714018108	0.0017613903241	0.0132847401834	0.0097742156192	0.0145237559108	0.0017177589852	0.0115756738079	0.00953895071542	0.0	0.0101975780752	0.00987981258912	0.0119871861114	0.0111125385406
k__Bacteria;p__Firmicutes;c__Clostridia;o__Clostridiales;f__Lachnospiraceae;g__Moryella	0.0	0.0	0.0	0.0	0.0	0.0	0.0	0.0	0.00017310022503	0.000316105579263	0.0	0.0	0.0	0.0	0.0	0.0	0.0	0.0	0.0	0.0	0.000396405919662	0.0	0.0	0.0	0.00012746972594	0.0	0.0	0.0
k__Bacteria;p__Firmicutes;c__Clostridia;o__Clostridiales;f__Lachnospiraceae;g__Oribacterium	0.0	0.0	0.0	0.0	0.0	0.0	0.0	0.00313059033989	0.0	0.0	0.0	0.000135556459265	0.0	0.0	0.0	0.000468310958476	0.0	0.000235128144839	0.0	0.0	0.0	0.0	0.0	0.0	0.00050987890376	0.0	0.0	0.0
k__Bacteria;p__Firmicutes;c__Clostridia;o__Clostridiales;f__Lachnospiraceae;g__Robinsoniella	0.0	0.0	0.0	0.0	0.0	0.0	0.00636068845099	0.0	0.0	0.0	0.0	0.0	0.0	0.0	0.0	0.0	0.0	0.0	0.0	0.0	0.0	0.0	0.0	0.0	0.0	0.0	0.0	0.0
k__Bacteria;p__Firmicutes;c__Clostridia;o__Clostridiales;f__Lachnospiraceae;g__Roseburia	0.000180212650928	0.00376222723853	0.0102000784621	0.00234638510045	0.0182905381639	0.0175438596491	0.00137191319531	0.0176654740608	0.00882811147654	0.000790263948159	0.0188401530762	0.00745560525959	0.0192154994442	0.0173482032218	0.025591314463	0.00140493287543	0.0732738374824	0.0054079473313	0.02951813117	0.0131727088494	0.00251057082452	0.010193503801	0.00675675675676	0.0	0.0113448056087	0.00804644530454	0.0162240363749	0.0082219938335
k__Bacteria;p__Firmicutes;c__Clostridia;o__Clostridiales;f__Lachnospiraceae;g__[Ruminococcus]	0.014957650027	0.0583145221971	0.0702236171047	0.01921102801	0.00879352796342	0.00977854472246	0.170865552507	0.0402504472272	0.034446944781	0.00885095621938	0.0136885487195	0.0131489765487	0.0211211688105	0.0366239845794	0.0145405195812	0.0177958164221	0.0356975105683	0.0155184575594	0.0203303684879	0.0233055618104	0.0122885835095	0.00708362128542	0.0775039745628	0.0	0.0240917782027	0.0328987573844	0.0171540766767	0.0280704008222
k__Bacteria;p__Firmicutes;c__Clostridia;o__Clostridiales;f__Peptococcaceae;g__	0.0	0.0	0.0	0.0	0.0	0.0	0.0	0.0	0.0	0.0	0.0	0.0	0.0	0.0	0.0	0.0	0.0	0.0	0.00048871078096	0.0	0.0	0.0	0.0	0.0	0.0	0.0	0.00020667562261	0.000513874614594
k__Bacteria;p__Firmicutes;c__Clostridia;o__Clostridiales;f__Peptococcaceae;g__Desulfosporosinus	0.0	0.0	0.0	0.0	0.0	0.0	0.0	0.0	0.0	0.000316105579263	0.000147188695908	0.0	0.0	0.0	0.0	0.0	0.0	0.0	0.0	0.0	0.0	0.0	0.0	0.0	0.0	0.0	0.000103337811305	0.0
k__Bacteria;p__Firmicutes;c__Clostridia;o__Clostridiales;f__Peptococcaceae;g__Peptococcus	0.0	0.00188111361926	0.0	0.0	0.0	0.0	0.0	0.0	0.0	0.0	0.00147188695908	0.0	0.0	0.0	0.00155098875533	0.0	0.0	0.0	0.0	0.000112587255123	0.0	0.0	0.0	0.0	0.0	0.0	0.0	0.00141315519013
k__Bacteria;p__Firmicutes;c__Clostridia;o__Clostridiales;f__Peptococcaceae;g__rc4-4	0.0	0.0	0.0	0.0	0.0	0.0	0.0	0.0	0.0	0.0	0.0	0.0	0.0	0.0	0.0	0.0	0.0	0.0	0.0	0.0	0.0	0.0	0.0	0.0	0.0	0.0	0.000620026867831	0.0
k__Bacteria;p__Firmicutes;c__Clostridia;o__Clostridiales;f__Peptostreptococcaceae;g__	0.000540637952784	0.048532731377	0.0	0.0	0.000527611677805	0.00129421915444	0.00486405587428	0.0	0.000865501125151	0.0	0.00132469826317	0.00176223397045	0.0	0.00068842076277	0.0	0.00109272556978	0.000117426021606	0.0	0.000195484312384	0.00236433235758	0.00118921775899	0.0	0.0	0.000189286390309	0.00790312300829	0.0446119372581	0.000310013433915	0.00282631038027
k__Bacteria;p__Firmicutes;c__Clostridia;o__Clostridiales;f__Peptostreptococcaceae;g__Clostridium	0.0	0.000376222723853	0.0	0.0	0.0	0.0	0.0	0.0	0.0	0.0	0.0	0.0	0.0	0.0	0.0	0.0	0.0	0.0	0.0	0.0	0.0	0.0	0.0	0.0	0.0	0.000101853738032	0.0	0.0
k__Bacteria;p__Firmicutes;c__Clostridia;o__Clostridiales;f__Peptostreptococcaceae;g__Peptostreptococcus	0.0	0.0	0.0	0.0	0.0	0.0	0.0	0.0	0.0	0.0	0.0	0.000135556459265	0.0	0.0	0.0	0.0	0.0	0.0	0.0	0.0	0.000132135306554	0.0	0.0	0.0	0.0	0.0	0.0	0.0
k__Bacteria;p__Firmicutes;c__Clostridia;o__Clostridiales;f__Peptostreptococcaceae;g__[Clostridium]	0.0	0.0	0.0	0.0	0.0	0.0	0.00187079072088	0.0	0.0	0.0	0.0	0.0	0.0	0.0	0.0	0.0	0.0	0.0	0.0	0.0	0.0	0.0	0.0	0.0	0.0	0.0	0.0	0.0
k__Bacteria;p__Firmicutes;c__Clostridia;o__Clostridiales;f__Ruminococcaceae;g__	0.119480987565	0.0349887133183	0.15427618674	0.111159994134	0.193985226873	0.165228645384	0.179097031679	0.116726296959	0.140903583175	0.108266160898	0.180894907271	0.221905923817	0.172780689217	0.109183532975	0.152384645211	0.111458008117	0.120009394082	0.203973665648	0.100674420878	0.166629137582	0.176929175476	0.17795438839	0.210453100159	0.015332197615	0.16137667304	0.0685475656957	0.0923840033068	0.22128725591
k__Bacteria;p__Firmicutes;c__Clostridia;o__Clostridiales;f__Ruminococcaceae;g__Anaerofilum	0.0	0.0	0.0	0.0	0.0	0.0	0.0	0.000223613595707	0.0	0.0	0.0	0.0	0.00015880578053	0.0	0.0	0.0	0.0	0.0	9.7742156192e-05	0.0	0.0	0.0	0.000198728139905	0.0	0.00025493945188	0.000305561214097	0.0	6.42343268243e-05
k__Bacteria;p__Firmicutes;c__Clostridia;o__Clostridiales;f__Ruminococcaceae;g__Anaerotruncus	0.000180212650928	0.000376222723853	0.000980776775206	0.000439947206335	0.000175870559268	0.0	0.0	0.000447227191413	0.0	0.0	0.000147188695908	0.000271112918531	0.0	0.0	0.000193873594416	0.0	0.0	0.000352692217258	0.00371420193529	0.0	0.00105708245243	0.0	0.000397456279809	0.0	0.0	0.000203707476064	0.00020667562261	0.000128468653649
k__Bacteria;p__Firmicutes;c__Clostridia;o__Clostridiales;f__Ruminococcaceae;g__Butyricicoccus	0.0	0.0	0.0	0.0	0.0	0.0	0.0	0.0	0.0	0.0	0.0	0.0	0.0	0.0	0.000193873594416	0.0	0.0	0.0	0.0	0.0	0.0	0.0	0.0	0.0	0.0	0.0	0.0	0.0
k__Bacteria;p__Firmicutes;c__Clostridia;o__Clostridiales;f__Ruminococcaceae;g__Clostridium	0.0	0.0	0.0	0.000146649068778	0.0	0.0	0.0	0.0	0.0	0.0	0.0	0.0	0.0	0.0	0.000193873594416	0.0	0.0	0.0	0.0	0.0	0.0	0.0	0.0	0.0	0.0	0.0	0.0	0.0
k__Bacteria;p__Firmicutes;c__Clostridia;o__Clostridiales;f__Ruminococcaceae;g__Faecalibacterium	0.0	0.0	0.0244213417026	0.0137850124652	0.031480830109	0.0569456427955	0.0029932651534	0.00134168157424	0.0347931452311	0.0118539592224	0.022372681778	0.0276535176901	0.0431951723043	0.0218917802561	0.0104691740985	0.0309085232594	0.0129168623767	0.0584293439925	0.0190597204574	0.0439090294979	0.0128171247357	0.0407740152039	0.0174880763116	0.000189286390309	0.0785213511791	0.00641678549603	0.0152939960732	0.0402749229188
k__Bacteria;p__Firmicutes;c__Clostridia;o__Clostridiales;f__Ruminococcaceae;g__Oscillospira	0.00324382771671	0.0	0.00921930168694	0.00263968323801	0.00298979950756	0.000431406384814	0.000498877525567	0.0134168157424	0.00103860135018	0.00142247510669	0.00485722696497	0.00596448420767	0.00238208670796	0.00550736610216	0.00639782861574	0.00234155479238	0.0132691404415	0.00305666588291	0.0131951910859	0.00506642648052	0.0112315010571	0.00863856254319	0.00755166931638	0.000189286390309	0.00560866794136	0.00896312894683	0.0335847886742	0.00809352517986
k__Bacteria;p__Firmicutes;c__Clostridia;o__Clostridiales;f__Ruminococcaceae;g__Ruminococcus	0.00684808073527	0.00489089541008	0.0164770498235	0.0300630590996	0.0181146676046	0.0138050043141	0.00361686206036	0.00491949910555	0.0121170157521	0.0110636952742	0.0395937591993	0.0188423478379	0.00905192949023	0.0253338840699	0.163629313687	0.00530752419607	0.0380460310005	0.0125793557489	0.0515101163132	0.024769196127	0.0240486257928	0.0145127850726	0.0306041335453	0.0196857845921	0.0499681325685	0.0112039111835	0.0399917329751	0.0247944501542
k__Bacteria;p__Firmicutes;c__Clostridia;o__Clostridiales;f__Veillonellaceae;g__	0.0	0.0	0.0	0.00131984161901	0.000703482237074	0.0	0.0	0.0	0.000692400900121	0.000316105579263	0.000441566087724	0.000135556459265	0.000317611561061	0.00151452567809	0.000193873594416	0.00265376209803	0.000117426021606	0.000705384434517	0.00254129606099	0.000450349020491	0.0	0.000518313752592	0.00158982511924	0.0	0.0006373486297	0.000203707476064	0.00103337811305	0.000128468653649
k__Bacteria;p__Firmicutes;c__Clostridia;o__Clostridiales;f__Veillonellaceae;g__Acidaminococcus	0.00144170120742	0.0	0.0	0.0	0.0	0.0	0.0	0.0	0.0	0.0	0.000441566087724	0.0	0.0	0.0	0.0	0.000156103652825	0.0	0.0	0.0	0.0	0.000132135306554	0.0	0.000198728139905	0.0	0.0	0.0	0.000723364679136	0.0
k__Bacteria;p__Firmicutes;c__Clostridia;o__Clostridiales;f__Veillonellaceae;g__Dialister	0.00594701748063	0.0	0.000392310710082	0.000146649068778	0.000703482237074	0.000575208513086	0.000498877525567	0.000223613595707	0.0	0.000316105579263	0.000735943479541	0.0	0.00397014451326	0.0104639955941	0.00193873594416	0.000156103652825	0.135274776891	0.000705384434517	0.0	0.000112587255123	0.0155919661734	0.0	0.0381558028617	0.000189286390309	0.0	0.000203707476064	0.000103337811305	0.00122045220966
k__Bacteria;p__Firmicutes;c__Clostridia;o__Clostridiales;f__Veillonellaceae;g__Megamonas	0.0	0.0	0.0	0.0	0.0	0.0	0.0	0.0	0.0	0.0	0.0	0.0	0.0	0.0	0.0	0.00593193880737	0.0	0.0	0.0	0.0	0.0	0.0	0.0	0.0	0.0	0.0	0.0	0.0
k__Bacteria;p__Firmicutes;c__Clostridia;o__Clostridiales;f__Veillonellaceae;g__Megasphaera	0.00108127590557	0.0	0.0	0.0	0.0	0.0	0.0	0.0	0.0	0.0	0.0	0.0	0.000317611561061	0.000137684152554	0.0	0.0	0.0	0.0	0.0	0.0	0.0	0.0	0.000198728139905	0.00851788756388	0.0	0.0	0.0	0.0
k__Bacteria;p__Firmicutes;c__Clostridia;o__Clostridiales;f__Veillonellaceae;g__Mitsuokella	0.0	0.0	0.0	0.0	0.0	0.0	0.0	0.0	0.0	0.0	0.00147188695908	0.0	0.0	0.0	0.0	0.0	0.0	0.0	0.0	0.0	0.0	0.0	0.000794912559618	0.0	0.0	0.0	0.00103337811305	0.0
k__Bacteria;p__Firmicutes;c__Clostridia;o__Clostridiales;f__Veillonellaceae;g__Phascolarctobacterium	0.0	0.0	0.00264809729306	0.00102654348145	0.0100246218783	0.0	0.0	0.00894454382826	0.00259650337545	0.000158052789632	0.00677068001178	0.0187067913786	0.0	0.000550736610216	0.0	0.00561973150172	0.0	0.000235128144839	0.00449613918483	0.000675523530736	0.0	0.0158949550795	0.000198728139905	0.0	0.00178457616316	0.0025463434508	0.0215976025628	0.00629496402878
k__Bacteria;p__Firmicutes;c__Clostridia;o__Clostridiales;f__Veillonellaceae;g__Succiniclasticum	0.0	0.0	0.0	0.0	0.0	0.0	0.0	0.0	0.0	0.0	0.0	0.0	0.0	0.0	0.000193873594416	0.0	0.0	0.0	0.0	0.0	0.0	0.0	0.0	0.0	0.0	0.0	0.0	0.000192702980473
k__Bacteria;p__Firmicutes;c__Clostridia;o__Clostridiales;f__Veillonellaceae;g__Veillonella	0.00937105784826	0.00225733634312	0.0	0.000146649068778	0.0	0.0	0.00162135195809	0.0	0.0	0.0	0.0	0.0	0.0	0.0	0.0	0.0	0.00152653828088	0.0	0.0	0.0	0.0	0.0	0.0	0.00567859170926	0.0	0.000101853738032	0.00020667562261	0.0
k__Bacteria;p__Firmicutes;c__Clostridia;o__Clostridiales;f__[Acidaminobacteraceae];g__	0.0	0.0	0.0	0.0	0.0	0.0	0.0	0.0	0.0	0.0	0.0	0.000135556459265	0.0	0.0	0.0	0.0	0.0	0.0	0.0	0.0	0.000132135306554	0.0	0.0	0.0	0.0	0.0	0.0	0.0
k__Bacteria;p__Firmicutes;c__Clostridia;o__Clostridiales;f__[Mogibacteriaceae];g__	0.000180212650928	0.00300978179082	0.0153981953707	0.00674585716381	0.00809004572635	0.00115041702617	0.0	0.0143112701252	0.00190410247533	0.00758653390232	0.00824256697086	0.00176223397045	0.0088931237097	0.0112901005094	0.002326483133	0.0012488292226	0.00223109441052	0.00164589701387	0.00195484312384	0.00371537941905	0.00647463002114	0.00276434001382	0.00973767885533	0.000189286390309	0.0121096239643	0.0144632308006	0.00465020150873	0.00616649537513
k__Bacteria;p__Firmicutes;c__Clostridia;o__Clostridiales;f__[Mogibacteriaceae];g__Anaerovorax	0.0	0.0	0.0	0.0	0.0	0.0	0.0	0.0	0.0	0.0	0.0	0.0	0.0	0.0	0.0	0.0	0.0	0.0	0.0	0.0	0.0	0.0	0.0	0.0	0.0	0.0	0.0	0.000385405960946
k__Bacteria;p__Firmicutes;c__Clostridia;o__Clostridiales;f__[Mogibacteriaceae];g__Mogibacterium	0.0	0.000376222723853	0.0	0.0	0.0	0.0	0.0	0.00268336314848	0.000692400900121	0.000316105579263	0.00264939652635	0.000271112918531	0.0	0.00068842076277	0.000193873594416	0.00171714018108	0.000939408172851	0.000587820362097	0.0	0.00168880882684	0.00303911205074	0.000518313752592	0.000198728139905	0.00265000946432	0.000764818355641	0.0	0.0	0.000192702980473
k__Bacteria;p__Firmicutes;c__Clostridia;o__Clostridiales;f__[Tissierellaceae];g__1-68	0.0	0.0	0.0	0.0	0.0	0.000431406384814	0.0	0.0	0.0	0.0	0.0	0.0	0.0	0.0	0.0	0.0	0.0	0.0	0.0	0.0	0.0	0.0	0.0	0.000378572780617	0.0	0.0	0.0	0.0
k__Bacteria;p__Firmicutes;c__Clostridia;o__Clostridiales;f__[Tissierellaceae];g__Anaerococcus	0.0	0.0654627539503	0.0	0.0	0.0	0.0010066148979	0.0	0.0	0.0	0.0	0.0	0.0	0.0	0.0	0.0	0.0	0.000117426021606	0.0	0.0	0.0	0.0	0.0	0.0	0.000378572780617	0.0	0.000101853738032	0.0	0.0
k__Bacteria;p__Firmicutes;c__Clostridia;o__Clostridiales;f__[Tissierellaceae];g__Finegoldia	0.0	0.00902934537246	0.0	0.0	0.0	0.000287604256543	0.0	0.0	0.0	0.0	0.000147188695908	0.0	0.0	0.0	0.0	0.0	0.0	0.0	0.0	0.0	0.0	0.0	0.0	0.000189286390309	0.0	0.0	0.0	0.0
k__Bacteria;p__Firmicutes;c__Clostridia;o__Clostridiales;f__[Tissierellaceae];g__Parvimonas	0.0	0.0	0.0	0.0	0.0	0.0	0.0	0.0	0.00017310022503	0.0	0.0	0.0	0.0	0.0	0.0	0.000624414611302	0.0	0.0	0.0	0.0	0.000264270613108	0.0	0.0	0.0	0.00012746972594	0.0	0.0	0.0
k__Bacteria;p__Firmicutes;c__Clostridia;o__Clostridiales;f__[Tissierellaceae];g__Peptoniphilus	0.0	0.0323551542513	0.0	0.0	0.0	0.00115041702617	0.000124719381392	0.0	0.0	0.0	0.0	0.0	0.0	0.0	0.0	0.0	0.000117426021606	0.000117564072419	0.0	0.0	0.0	0.0	0.000596184419714	0.00302858224494	0.0	0.0	0.0	0.0
k__Bacteria;p__Firmicutes;c__Clostridia;o__Clostridiales;f__[Tissierellaceae];g__WAL_1855D	0.0	0.0	0.0	0.0	0.0	0.0	0.0	0.0	0.0	0.0	0.0	0.0	0.0	0.0	0.0	0.0	0.0	0.000117564072419	0.0	0.0	0.0	0.0	0.000596184419714	0.0	0.00038240917782	0.000101853738032	0.000103337811305	0.0
k__Bacteria;p__Firmicutes;c__Clostridia;o__Clostridiales;f__[Tissierellaceae];g__ph2	0.0	0.00413844996238	0.0	0.0	0.0	0.000287604256543	0.000124719381392	0.0	0.0	0.0	0.0	0.0	0.0	0.0	0.0	0.0	0.0	0.0	0.0	0.0	0.0	0.000172771250864	0.000198728139905	0.0	0.0	0.000509268690161	0.0	0.0
k__Bacteria;p__Firmicutes;c__Clostridia;o__Natranaerobiales;f__Anaerobrancaceae;g__	0.0	0.0	0.0	0.0	0.0	0.0	0.0	0.0	0.0	0.0	0.0	0.0	0.0	0.0	0.0	0.0	0.0	0.0	0.0	0.0	0.0	0.0	0.0	0.0	0.0	0.0	0.000103337811305	6.42343268243e-05
k__Bacteria;p__Firmicutes;c__Clostridia;o__SHA-98;f__;g__	0.0	0.0	0.0	0.0	0.0	0.0	0.0	0.0	0.0	0.0	0.0	0.0	0.0	0.0	0.0	0.0	0.0	0.0	9.7742156192e-05	0.0	0.0	0.0	0.0	0.0	0.0	0.0	0.00020667562261	6.42343268243e-05
k__Bacteria;p__Firmicutes;c__Erysipelotrichi;o__Erysipelotrichales;f__Erysipelotrichaceae;g__	0.000360425301856	0.0391271632807	0.000588466065124	0.00117319255023	0.000351741118537	0.00244463618062	0.0150910451484	0.0	0.00138480180024	0.00331910858227	0.000147188695908	0.0	0.0020644751469	0.00316673550874	0.0011632415665	0.00156103652825	0.000821982151245	0.00493769104162	0.000390968624768	0.000225174510245	0.00356765327696	0.00138217000691	0.0	0.10429680106	0.00050987890376	0.00203707476064	0.00268678309393	0.000513874614594
k__Bacteria;p__Firmicutes;c__Erysipelotrichi;o__Erysipelotrichales;f__Erysipelotrichaceae;g__Bulleidia	0.0	0.0	0.0	0.0	0.0	0.0	0.0	0.0	0.0	0.000316105579263	0.000735943479541	0.0	0.0	0.0	0.0	0.0	0.000117426021606	0.000235128144839	0.0	0.0	0.000264270613108	0.0	0.000198728139905	0.0	0.00038240917782	0.0	0.0	0.0
k__Bacteria;p__Firmicutes;c__Erysipelotrichi;o__Erysipelotrichales;f__Erysipelotrichaceae;g__Catenibacterium	0.0	0.0	0.0	0.0108520310896	0.0	0.000143802128271	0.0	0.0	0.0	0.0	0.0	0.0	0.0	0.0	0.0	0.0	0.0	0.0	0.0	0.0	0.0	0.0	0.00655802861685	0.0	0.0	0.0	0.0	0.00655190133607
k__Bacteria;p__Firmicutes;c__Erysipelotrichi;o__Erysipelotrichales;f__Erysipelotrichaceae;g__Clostridium	0.0	0.0	0.0	0.0	0.0	0.0	0.0	0.0	0.0	0.0	0.0	0.000406669377796	0.0	0.0	0.0	0.0	0.0	0.0	0.0	0.0	0.0	0.0	0.0	0.0	0.0	0.0	0.0	0.0
k__Bacteria;p__Firmicutes;c__Erysipelotrichi;o__Erysipelotrichales;f__Erysipelotrichaceae;g__Coprobacillus	0.0	0.0	9.80776775206e-05	0.000146649068778	0.0	0.0	0.0	0.0	0.00017310022503	0.000158052789632	0.0	0.000135556459265	0.0	0.000963789067878	0.0	0.0	0.00129168623767	0.000117564072419	0.0	0.0	0.0	0.0	0.0	0.0	0.0	0.0	0.000310013433915	0.0
k__Bacteria;p__Firmicutes;c__Erysipelotrichi;o__Erysipelotrichales;f__Erysipelotrichaceae;g__Holdemania	0.0	0.0	0.000294233032562	0.000586596275114	0.0	0.0	0.0	0.000223613595707	0.0	0.000158052789632	0.000147188695908	0.0	0.00015880578053	0.0	0.000193873594416	0.0	0.0	0.000117564072419	9.7742156192e-05	0.0	0.0	0.0	0.000198728139905	0.0	0.00012746972594	0.0	0.00020667562261	0.0
k__Bacteria;p__Firmicutes;c__Erysipelotrichi;o__Erysipelotrichales;f__Erysipelotrichaceae;g__[Eubacterium]	0.000360425301856	0.000376222723853	0.0	0.000146649068778	0.00105522335561	0.0	0.00137191319531	0.000223613595707	0.000519300675091	0.0165955429113	0.0054459817486	0.000271112918531	0.0	0.0	0.0	0.0	0.000939408172851	0.0	0.0	0.0	0.00145348837209	0.0	0.0101351351351	0.0246072307401	0.0006373486297	0.00101853738032	0.000103337811305	0.0021197327852
k__Bacteria;p__Firmicutes;c__Erysipelotrichi;o__Erysipelotrichales;f__Erysipelotrichaceae;g__p-75-a5	0.0	0.0	0.0	0.0	0.0	0.0	0.0	0.0	0.0	0.00126442231705	0.0	0.0	0.0	0.0	0.0	0.0	0.0	0.0	0.0	0.0	0.0	0.0	0.0	0.0	0.0	0.0	0.0	0.0
k__Bacteria;p__Fusobacteria;c__Fusobacteriia;o__Fusobacteriales;f__Fusobacteriaceae;g__Fusobacterium	0.0	0.0	0.0	0.0	0.0	0.0	0.0	0.0	0.0	0.0	0.0	0.0	0.0	0.000137684152554	0.0	0.0	0.0	0.0	0.0	0.0	0.0	0.0	0.0	0.0187393526405	0.0	0.0	0.0	0.0
k__Bacteria;p__Proteobacteria;c__Alphaproteobacteria;o__;f__;g__	0.0	0.0	0.0	0.0	0.0	0.0	0.0	0.0	0.0	0.0	0.0	0.0	0.0	0.0	0.0	0.0	0.0	0.0	0.0	0.0	0.0	0.0	0.000198728139905	0.0	0.0	0.0	0.0	0.0
k__Bacteria;p__Proteobacteria;c__Alphaproteobacteria;o__RF32;f__;g__	0.0	0.0	0.00843468026677	0.0	0.0	0.0	0.0	0.000223613595707	0.0	0.0	0.0	0.0	0.0	0.0	0.0	0.0	0.0	0.000235128144839	0.000586452937152	0.0	0.0	0.0	0.0	0.0	0.00038240917782	0.0	0.0059935930557	0.0
k__Bacteria;p__Proteobacteria;c__Alphaproteobacteria;o__Rickettsiales;f__mitochondria;g__Aristolochia	0.0	0.0	0.0	0.0	0.0	0.0	0.0	0.0	0.0	0.0	0.0	0.0	0.0	0.0	0.0	0.0	0.0	0.0	0.0	0.0	0.0	0.0	0.0	0.000189286390309	0.0	0.0	0.0	0.0
k__Bacteria;p__Proteobacteria;c__Alphaproteobacteria;o__Rickettsiales;f__mitochondria;g__Lardizabala	0.0	0.0	0.0	0.0	0.0	0.0	0.0	0.0	0.0	0.0	0.0	0.0	0.0	0.0	0.0	0.0	0.0	0.0	0.0	0.0	0.0	0.0	0.0	0.0	0.00012746972594	0.0	0.0	0.0
k__Bacteria;p__Proteobacteria;c__Alphaproteobacteria;o__Rickettsiales;f__mitochondria;g__Lupinus	0.0	0.0	0.0	0.0	0.0	0.0	0.0	0.0	0.0	0.0	0.0	0.0	0.0	0.0	0.0	0.0	0.0	0.0	0.0	0.0	0.0	0.0	0.0	0.000378572780617	0.0	0.0	0.0	0.0
k__Bacteria;p__Proteobacteria;c__Betaproteobacteria;o__Burkholderiales;f__;g__	0.0	0.0	0.0	0.0	0.0	0.0	0.0	0.0	0.0	0.0	0.0	0.0	0.0	0.0	0.0	0.0	0.0	0.0	0.0	0.0	0.0	0.0	0.0	0.0	0.0	0.0	0.0	6.42343268243e-05
k__Bacteria;p__Proteobacteria;c__Betaproteobacteria;o__Burkholderiales;f__Alcaligenaceae;g__Sutterella	0.0	0.000376222723853	9.80776775206e-05	0.000146649068778	0.00263805838903	0.0	0.0	0.00201252236136	0.0	0.000158052789632	0.000147188695908	0.0	0.000635223122122	0.00357978796641	0.0	0.0	0.0179661813058	0.000470256289678	0.00518033427817	0.000225174510245	0.000528541226216	0.00120939875605	0.0	0.0	0.0006373486297	0.0	0.0277978712411	0.000256937307297
k__Bacteria;p__Proteobacteria;c__Betaproteobacteria;o__Burkholderiales;f__Comamonadaceae;g__	0.0	0.0	0.0	0.0	0.0	0.0	0.0	0.0	0.0	0.0	0.0	0.0	0.0	0.0	0.0	0.0	0.000117426021606	0.0	0.0	0.0	0.0	0.0	0.0	0.0	0.0	0.0	0.0	0.0
k__Bacteria;p__Proteobacteria;c__Betaproteobacteria;o__Burkholderiales;f__Comamonadaceae;g__Delftia	0.0	0.0	0.0	0.0	0.0	0.0	0.0	0.0	0.00017310022503	0.0	0.0	0.0	0.0	0.0	0.0	0.0	0.0	0.0	0.0	0.0	0.0	0.0	0.0	0.0	0.0	0.0	0.0	0.0
k__Bacteria;p__Proteobacteria;c__Betaproteobacteria;o__Burkholderiales;f__Oxalobacteraceae;g__	0.0	0.0	0.0	0.0	0.0	0.0	0.000249438762784	0.000223613595707	0.0	0.0	0.0	0.000271112918531	0.00015880578053	0.0	0.0	0.000156103652825	0.0	0.000235128144839	0.0	0.0	0.0	0.0	0.0	0.0	0.0	0.0	0.000103337811305	0.0
k__Bacteria;p__Proteobacteria;c__Betaproteobacteria;o__Burkholderiales;f__Oxalobacteraceae;g__Cupriavidus	0.0	0.0	0.0	0.0	0.0	0.0	0.0	0.0	0.00017310022503	0.0	0.0	0.0	0.0	0.0	0.0	0.0	0.0	0.0	0.0	0.0	0.0	0.0	0.0	0.0	0.0	0.0	0.0	0.0
k__Bacteria;p__Proteobacteria;c__Betaproteobacteria;o__Burkholderiales;f__Oxalobacteraceae;g__Oxalobacter	0.0	0.0	0.0	0.0	0.000351741118537	0.0	0.0	0.0	0.0	0.0	0.0	0.000813338755592	0.0	0.0	0.0	0.0	0.000234852043213	0.0	0.000390968624768	0.0	0.0	0.0	0.000397456279809	0.0	0.0	0.0	0.000413351245221	0.000128468653649
k__Bacteria;p__Proteobacteria;c__Betaproteobacteria;o__Burkholderiales;f__Oxalobacteraceae;g__Ralstonia	0.0	0.0	0.0	0.0	0.000175870559268	0.0	0.0	0.0	0.0	0.0	0.0	0.0	0.0	0.0	0.0	0.0	0.0	0.0	0.0	0.0	0.0	0.0	0.0	0.0	0.0	0.000101853738032	0.0	0.0
k__Bacteria;p__Proteobacteria;c__Deltaproteobacteria;o__Desulfovibrionales;f__Desulfovibrionaceae;g__	0.0	0.0	0.0	0.0	0.000527611677805	0.0	0.0	0.0	0.0	0.0	0.000147188695908	0.000135556459265	0.0	0.0	0.0	0.0	0.0	0.0	0.0011729058743	0.0	0.0	0.0	0.0	0.0	0.0	0.0	0.00020667562261	0.0
k__Bacteria;p__Proteobacteria;c__Deltaproteobacteria;o__Desulfovibrionales;f__Desulfovibrionaceae;g__Bilophila	0.0	0.0	0.0	0.0	0.000351741118537	0.0	0.0	0.000223613595707	0.0	0.0	0.0	0.0	0.00015880578053	0.0017898939832	0.000387747188833	0.0	0.00669328323156	0.0	0.00342097546672	0.0	0.000528541226216	0.000345542501728	0.000397456279809	0.00170357751278	0.0	0.0	0.00186008060349	0.0
k__Bacteria;p__Proteobacteria;c__Deltaproteobacteria;o__Desulfovibrionales;f__Desulfovibrionaceae;g__Desulfovibrio	0.0	0.0	0.0	0.0	0.000879352796342	0.0	0.0	0.00067084078712	0.0	0.0	0.000883132175449	0.0	0.0	0.0	0.0	0.0	0.0	0.00246884552081	0.0	0.00236433235758	0.0	0.00120939875605	0.00317965023847	0.0	0.00203951561504	0.000203707476064	0.00217009403741	0.000513874614594
k__Bacteria;p__Proteobacteria;c__Deltaproteobacteria;o__Myxococcales;f__Polyangiaceae;g__	0.0	0.0	0.0	0.0	0.0	0.0	0.0	0.0	0.0	0.000158052789632	0.0	0.0	0.0	0.0	0.0	0.0	0.0	0.0	0.0	0.0	0.0	0.0	0.0	0.0	0.0	0.0	0.0	0.0
k__Bacteria;p__Proteobacteria;c__Epsilonproteobacteria;o__Campylobacterales;f__Campylobacteraceae;g__Campylobacter	0.0045053162732	0.0	0.0	0.0	0.0	0.0	0.0	0.0	0.0	0.0	0.0	0.0	0.0	0.0	0.0	0.0	0.0	0.0	0.0	0.0	0.0	0.0	0.0	0.0	0.0	0.0	0.0	0.0
k__Bacteria;p__Proteobacteria;c__Gammaproteobacteria;o__Aeromonadales;f__;g__	0.0	0.0	0.0	0.0	0.0	0.0	0.000374158144176	0.0	0.0	0.0	0.0	0.0	0.0	0.0	0.0	0.0	0.0	0.0	0.0	0.0	0.0	0.0	0.0	0.00113571834185	0.0	0.0	0.0	0.0
k__Bacteria;p__Proteobacteria;c__Gammaproteobacteria;o__Aeromonadales;f__Aeromonadaceae;g__	0.0	0.0	0.0	0.0	0.0	0.0	0.000249438762784	0.0	0.0	0.000158052789632	0.0	0.0	0.0	0.0	0.0	0.0	0.0	0.0	0.0	0.0	0.0	0.0	0.0	0.0	0.0	0.0	0.0	0.0
k__Bacteria;p__Proteobacteria;c__Gammaproteobacteria;o__Aeromonadales;f__Succinivibrionaceae;g__Succinivibrio	0.0	0.0	0.0	0.0	0.0	0.0	0.0	0.0	0.0	0.0	0.0	0.0	0.0	0.0	0.0	0.0	0.0	0.0	0.0	0.0	0.0	0.0	0.004173290938	0.0	0.0	0.0	0.0	0.0
k__Bacteria;p__Proteobacteria;c__Gammaproteobacteria;o__Enterobacteriales;f__Enterobacteriaceae;g__	0.00486574157506	0.0199398043642	0.00529619458611	0.00366622671946	0.0	0.000862812769629	0.185831878274	0.024373881932	0.00017310022503	0.120752331279	0.000147188695908	0.000135556459265	0.0123868508814	0.0050943136445	0.00368359829391	0.000936621916953	0.00270079849695	0.000352692217258	0.0	0.00720558432785	0.14878435518	0.00984796129924	0.0158982511924	0.512398258565	0.0006373486297	0.000101853738032	0.000930040301746	0.000770811921891
k__Bacteria;p__Proteobacteria;c__Gammaproteobacteria;o__Enterobacteriales;f__Enterobacteriaceae;g__Citrobacter	0.0	0.0	0.0	0.0	0.0	0.0	0.000249438762784	0.0	0.0	0.000158052789632	0.0	0.0	0.0	0.0	0.0	0.0	0.0	0.0	0.0	0.0	0.0	0.0	0.0	0.00548930531895	0.0	0.0	0.0	0.0
k__Bacteria;p__Proteobacteria;c__Gammaproteobacteria;o__Enterobacteriales;f__Enterobacteriaceae;g__Cronobacter	0.0	0.0	0.0	0.0	0.0	0.0	0.0	0.0	0.0	0.0	0.0	0.0	0.0	0.0	0.0	0.0	0.0	0.0	0.0	0.0	0.0	0.0	0.0	0.000378572780617	0.0	0.0	0.0	0.0
k__Bacteria;p__Proteobacteria;c__Gammaproteobacteria;o__Enterobacteriales;f__Enterobacteriaceae;g__Enterobacter	0.0	0.0	0.0	0.0	0.0	0.0	0.00124719381392	0.0	0.0	0.000632211158527	0.0	0.0	0.0	0.0	0.0	0.0	0.0	0.0	0.0	0.0	0.0	0.0	0.000198728139905	0.00170357751278	0.0	0.0	0.0	0.0
k__Bacteria;p__Proteobacteria;c__Gammaproteobacteria;o__Enterobacteriales;f__Enterobacteriaceae;g__Erwinia	0.0	0.0	0.000196155355041	0.0	0.0	0.0	0.00661012721377	0.0	0.0	0.00237079184448	0.0	0.0	0.0	0.0	0.0	0.0	0.0	0.0	0.0	0.0	0.0	0.0	0.0	0.00643573727049	0.0	0.0	0.0	0.0
k__Bacteria;p__Proteobacteria;c__Gammaproteobacteria;o__Enterobacteriales;f__Enterobacteriaceae;g__Escherichia	0.0	0.0	0.0	0.0	0.0	0.0	0.000249438762784	0.000447227191413	0.0	0.000632211158527	0.0	0.0	0.0	0.0	0.0	0.000156103652825	0.0	0.0	0.0	0.000112587255123	0.00132135306554	0.0	0.0	0.00189286390309	0.0	0.0	0.0	0.0
k__Bacteria;p__Proteobacteria;c__Gammaproteobacteria;o__Enterobacteriales;f__Enterobacteriaceae;g__Klebsiella	0.000180212650928	0.0	0.0	0.000146649068778	0.0	0.0	0.00548765278124	0.000223613595707	0.0	0.00442547810969	0.0	0.0	0.0	0.0	0.0	0.0	0.000117426021606	0.0	0.0	0.0	0.0	0.0	0.000993640699523	0.0255536626917	0.0	0.0	0.0	0.0
k__Bacteria;p__Proteobacteria;c__Gammaproteobacteria;o__Enterobacteriales;f__Enterobacteriaceae;g__Morganella	0.000540637952784	0.000752445447705	0.000882699097685	0.00102654348145	0.0	0.000143802128271	0.00249438762784	0.00223613595707	0.0	0.0177019124388	0.0	0.000406669377796	0.00317611561061	0.0	0.000775494377666	0.000312207305651	0.000117426021606	0.0	0.0	0.00236433235758	0.0399048625793	0.00172771250864	0.0	0.0950217679349	0.00012746972594	0.0	0.000103337811305	6.42343268243e-05
k__Bacteria;p__Proteobacteria;c__Gammaproteobacteria;o__Enterobacteriales;f__Enterobacteriaceae;g__Pantoea	0.0	0.0	0.0	0.0	0.0	0.0	0.00324270391619	0.0	0.0	0.0	0.0	0.0	0.0	0.0	0.0	0.0	0.0	0.0	0.0	0.0	0.0	0.0	0.0	0.000378572780617	0.0	0.0	0.0	0.0
k__Bacteria;p__Proteobacteria;c__Gammaproteobacteria;o__Enterobacteriales;f__Enterobacteriaceae;g__Pragia	0.0	0.0	0.0	0.0	0.0	0.0	0.000498877525567	0.0	0.0	0.0	0.0	0.0	0.0	0.0	0.0	0.0	0.0	0.0	0.0	0.0	0.0	0.0	0.0	0.0	0.0	0.0	0.0	0.0
k__Bacteria;p__Proteobacteria;c__Gammaproteobacteria;o__Enterobacteriales;f__Enterobacteriaceae;g__Proteus	0.0	0.0	0.00107885445273	0.0	0.0	0.0	0.0	0.0	0.0	0.0	0.0	0.0	0.0	0.0	0.0	0.0	0.0	0.0	0.0	0.0	0.0	0.0	0.0	0.000189286390309	0.0	0.0	0.0	0.0
k__Bacteria;p__Proteobacteria;c__Gammaproteobacteria;o__Enterobacteriales;f__Enterobacteriaceae;g__Providencia	0.000180212650928	0.0	0.0	0.0	0.0	0.0	0.000374158144176	0.0	0.0	0.000158052789632	0.0	0.0	0.0	0.0	0.0	0.0	0.0	0.0	0.0	0.0	0.0	0.0	0.0	0.00113571834185	0.0	0.0	0.0	0.0
k__Bacteria;p__Proteobacteria;c__Gammaproteobacteria;o__Enterobacteriales;f__Enterobacteriaceae;g__Raoultella	0.0	0.0	0.0	0.0	0.0	0.0	0.000124719381392	0.0	0.0	0.0	0.0	0.0	0.0	0.0	0.0	0.0	0.0	0.0	0.0	0.0	0.0	0.0	0.0	0.0	0.0	0.0	0.0	0.0
k__Bacteria;p__Proteobacteria;c__Gammaproteobacteria;o__Enterobacteriales;f__Enterobacteriaceae;g__Salmonella	0.0	0.0	9.80776775206e-05	0.0	0.0	0.0	0.0139685707159	0.000223613595707	0.0	0.00442547810969	0.0	0.0	0.0	0.0	0.0	0.0	0.0	0.0	0.0	0.000112587255123	0.000396405919662	0.000172771250864	0.000794912559618	0.0255536626917	0.0	0.0	0.0	0.0
k__Bacteria;p__Proteobacteria;c__Gammaproteobacteria;o__Enterobacteriales;f__Enterobacteriaceae;g__Serratia	0.0	0.0	0.000294233032562	0.000146649068778	0.0	0.0	0.00561237216263	0.0	0.00017310022503	0.00379326695116	0.0	0.0	0.0	0.000137684152554	0.000193873594416	0.000156103652825	0.000117426021606	0.0	0.0	0.0	0.00066067653277	0.0	0.000397456279809	0.0200643573727	0.00012746972594	0.0	0.0	0.0
k__Bacteria;p__Proteobacteria;c__Gammaproteobacteria;o__Enterobacteriales;f__Enterobacteriaceae;g__Shigella	0.0	0.0	0.0	0.000146649068778	0.0	0.0	0.0	0.0	0.0	0.000474158368895	0.0	0.0	0.0	0.0	0.0	0.0	0.0	0.0	0.0	0.0	0.000528541226216	0.0	0.0	0.000946431951543	0.0	0.0	0.0	6.42343268243e-05
k__Bacteria;p__Proteobacteria;c__Gammaproteobacteria;o__Enterobacteriales;f__Enterobacteriaceae;g__Trabulsiella	0.0	0.0	9.80776775206e-05	0.0	0.0	0.0	0.0	0.0	0.0	0.0	0.0	0.0	0.0	0.0	0.0	0.0	0.0	0.0	0.0	0.0	0.0	0.0	0.0	0.00132500473216	0.0	0.0	0.0	0.0
k__Bacteria;p__Proteobacteria;c__Gammaproteobacteria;o__Enterobacteriales;f__Enterobacteriaceae;g__Yersinia	0.0	0.0	0.0	0.0	0.0	0.0	0.0	0.0	0.0	0.0	0.0	0.0	0.0	0.0	0.0	0.0	0.0	0.0	0.0	0.0	0.0	0.0	0.000198728139905	0.0	0.0	0.0	0.0	0.0
k__Bacteria;p__Proteobacteria;c__Gammaproteobacteria;o__Pasteurellales;f__Pasteurellaceae;g__	0.0	0.0	0.0	0.0	0.0	0.0	0.000997755051135	0.0	0.0	0.000474158368895	0.0	0.0	0.0	0.0	0.0	0.0	0.0	0.0	0.0	0.0	0.0	0.0	0.0	0.00397501419648	0.0	0.0	0.000103337811305	0.0
k__Bacteria;p__Proteobacteria;c__Gammaproteobacteria;o__Pasteurellales;f__Pasteurellaceae;g__Haemophilus	0.0	0.0	0.0	0.0	0.0	0.0	0.0	0.0	0.000865501125151	0.0	0.0	0.000135556459265	0.0	0.000137684152554	0.0	0.00140493287543	0.0	0.0	0.0	0.0	0.000396405919662	0.0	0.0	0.0	0.00012746972594	0.0	0.0	6.42343268243e-05
k__Bacteria;p__Proteobacteria;c__Gammaproteobacteria;o__Pseudomonadales;f__Moraxellaceae;g__	0.0	0.0	0.0	0.0	0.0	0.0	0.000124719381392	0.0	0.0	0.0	0.0	0.0	0.0	0.0	0.0	0.0	0.0	0.0	0.0	0.0	0.0	0.0	0.0	0.0	0.0	0.0	0.0	0.0
k__Bacteria;p__Proteobacteria;c__Gammaproteobacteria;o__Pseudomonadales;f__Moraxellaceae;g__Acinetobacter	0.000360425301856	0.000376222723853	9.80776775206e-05	0.000146649068778	0.0	0.0	0.0143427288601	0.0	0.0	0.00126442231705	0.0	0.0	0.0	0.0	0.0	0.0	0.0	0.0	0.0	0.0	0.0	0.0	0.0	0.00189286390309	0.00012746972594	0.0	0.0	6.42343268243e-05
k__Bacteria;p__Proteobacteria;c__Gammaproteobacteria;o__Pseudomonadales;f__Pseudomonadaceae;g__	0.0	0.00150489089541	0.0	0.0	0.0	0.000143802128271	0.000249438762784	0.0	0.0	0.0	0.0	0.000135556459265	0.0	0.0	0.0	0.0	0.0	0.000117564072419	9.7742156192e-05	0.0	0.0	0.0	0.0	0.0	0.0	0.000101853738032	0.0	6.42343268243e-05
k__Bacteria;p__Proteobacteria;c__Gammaproteobacteria;o__Pseudomonadales;f__Pseudomonadaceae;g__Pseudomonas	0.0	0.00338600451467	9.80776775206e-05	0.000293298137557	0.000175870559268	0.000431406384814	0.000249438762784	0.000894454382826	0.0	0.000316105579263	0.0	0.000271112918531	0.00015880578053	0.0	0.0	0.000156103652825	0.000117426021606	0.0	0.0	0.000225174510245	0.00184989429175	0.0	0.000198728139905	0.00246072307401	0.00038240917782	0.000101853738032	0.0	6.42343268243e-05
k__Bacteria;p__Synergistetes;c__Synergistia;o__Synergistales;f__;g__	0.00342404036763	0.0	0.0	0.0	0.0	0.0	0.0	0.0	0.0	0.0	0.0	0.0	0.0	0.0	0.0	0.0	0.0	0.0	0.0	0.0	0.0	0.0	0.0	0.0	0.0	0.0	0.0	0.0
k__Bacteria;p__Synergistetes;c__Synergistia;o__Synergistales;f__Dethiosulfovibrionaceae;g__Pyramidobacter	0.0	0.0	0.0	0.0	0.0	0.0	0.0	0.0	0.0	0.0	0.0	0.0	0.0	0.0	0.0	0.0	0.0	0.0	0.0	0.0	0.0	0.0	0.0	0.00473215975771	0.0	0.0	0.0	0.0
k__Bacteria;p__TM7;c__TM7-3;o__;f__;g__	0.0	0.0	0.0	0.0	0.000175870559268	0.0	0.0	0.0	0.0	0.0	0.0	0.0	0.0	0.0	0.0	0.0	0.0	0.0	0.0	0.0	0.0	0.0	0.0	0.0	0.0	0.0	0.0	0.0
k__Bacteria;p__Tenericutes;c__Mollicutes;o__Anaeroplasmatales;f__Anaeroplasmataceae;g__	0.0	0.0	0.0	0.0	0.0	0.0	0.0	0.0	0.0	0.0	0.0	0.00122000813339	0.0	0.0	0.0	0.0	0.0	0.0	0.0	0.0	0.0	0.000518313752592	0.0	0.0	0.00025493945188	0.0	0.0	0.0
k__Bacteria;p__Tenericutes;c__Mollicutes;o__RF39;f__;g__	0.0	0.0	0.0	0.0	0.0	0.0	0.0	0.0	0.00017310022503	0.0244981823929	0.00794818957904	0.0	0.0	0.0	0.0	0.0	0.0	0.000352692217258	0.0	0.0	0.0	0.0	0.00278219395866	0.0	0.0158062460166	0.0	0.0	0.0110483042138
k__Bacteria;p__Tenericutes;c__RF3;o__ML615J-28;f__;g__	0.0	0.0	0.0	0.0	0.0	0.0	0.0	0.0	0.0	0.000158052789632	0.000441566087724	0.0	0.0	0.0	0.0	0.0	0.0	0.0	0.0	0.0	0.0	0.0	0.0	0.0	0.0	0.0	0.0	0.0