# Constructed from biom file
#OTU ID	007-1	011-1	014-1	021-1	023-1	024-1	026-1	027-1	028-1	029-1	030-1	033-1	034-1	035-1	037-1	038-1	039-1	040-1	041-1	043-1	044-1	046-1	047-1	050-1	051-1	052-1	055-1	057-1
k__Archaea;p__Euryarchaeota;c__Methanobacteria;o__Methanobacteriales;f__Methanobacteriaceae;g__Methanobrevibacter;s__	0.000180212650928	0.0	0.0	0.0	0.0	0.0	0.0	0.0	0.0	0.00221273905484	0.000294377391816	0.0	0.0	0.0	0.0	0.0	0.0	0.0	0.000390968624768	0.000112587255123	0.000132135306554	0.0	0.0	0.0	0.00025493945188	0.0	0.0	6.42343268243e-05
k__Bacteria;p__Actinobacteria;c__Actinobacteria;o__Actinomycetales;f__Actinomycetaceae;g__;s__	0.0	0.0	0.0	0.0	0.0	0.0	0.0	0.0	0.00017310022503	0.0	0.0	0.0	0.0	0.0	0.0	0.0	0.0	0.0	0.0	0.0	0.000396405919662	0.0	0.0	0.0	0.0	0.0	0.0	0.0
k__Bacteria;p__Actinobacteria;c__Actinobacteria;o__Actinomycetales;f__Actinomycetaceae;g__Actinomyces;s__	0.00504595422599	0.00489089541008	0.000686543742644	0.000293298137557	0.0	0.000143802128271	0.00274382639062	0.00648479427549	0.000692400900121	0.00126442231705	0.000883132175449	0.000271112918531	0.00015880578053	0.000826104915324	0.000581620783249	0.0128004995317	0.00399248473462	0.000822948506936	0.000195484312384	0.000788110785859	0.00264270613108	0.00172771250864	0.000198728139905	0.00813931478327	0.00140216698534	0.00112039111835	0.000310013433915	6.42343268243e-05
k__Bacteria;p__Actinobacteria;c__Actinobacteria;o__Actinomycetales;f__Actinomycetaceae;g__Arcanobacterium;s__	0.0	0.00150489089541	0.0	0.0	0.0	0.000143802128271	0.0	0.0	0.0	0.0	0.0	0.0	0.0	0.0	0.0	0.0	0.0	0.0	0.0	0.0	0.0	0.0	0.0	0.0	0.0	0.0	0.0	0.0
k__Bacteria;p__Actinobacteria;c__Actinobacteria;o__Actinomycetales;f__Actinomycetaceae;g__Mobiluncus;s__	0.0	0.0	0.0	0.0	0.0	0.0	0.0	0.0	0.0	0.0	0.0	0.0	0.0	0.0	0.0	0.0	0.0	0.0	0.0	0.0	0.0	0.0	0.0	0.0	0.0	0.0	0.000103337811305	0.0
k__Bacteria;p__Actinobacteria;c__Actinobacteria;o__Actinomycetales;f__Actinomycetaceae;g__Varibaculum;s__	0.0	0.0	0.0	0.0	0.0	0.0	0.0	0.000447227191413	0.0	0.0	0.0	0.0	0.0	0.0	0.0	0.000468310958476	0.0	0.0	0.0	0.0	0.0	0.0	0.000198728139905	0.000189286390309	0.0	0.0	0.0	0.0
k__Bacteria;p__Actinobacteria;c__Actinobacteria;o__Actinomycetales;f__Brevibacteriaceae;g__Brevibacterium;s__	0.0	0.0	0.0	0.0	0.0	0.0	0.0	0.0	0.0	0.0	0.0	0.0	0.0	0.0	0.0	0.0	0.0	0.0	0.0	0.0	0.0	0.0	0.0	0.0	0.0	0.00835200651864	0.0	0.0
k__Bacteria;p__Actinobacteria;c__Actinobacteria;o__Actinomycetales;f__Brevibacteriaceae;g__Brevibacterium;s__aureum	0.0	0.0	0.0	0.0	0.0	0.0	0.0	0.0	0.0	0.0	0.0	0.0	0.0	0.0	0.0	0.0	0.0	0.0	0.0	0.0	0.0	0.0	0.0	0.0	0.0	0.000407414952129	0.0	0.0
k__Bacteria;p__Actinobacteria;c__Actinobacteria;o__Actinomycetales;f__Corynebacteriaceae;g__Corynebacterium;s__	0.0	0.000376222723853	0.0	0.0	0.000175870559268	0.0	0.0	0.000447227191413	0.0	0.0	0.0	0.0	0.0	0.0	0.0	0.000468310958476	0.0	0.0	0.0	0.0	0.0	0.0	0.00119236883943	0.0	0.0	0.00224078223671	0.000310013433915	0.000128468653649
k__Bacteria;p__Actinobacteria;c__Actinobacteria;o__Actinomycetales;f__Corynebacteriaceae;g__Corynebacterium;s__durum	0.0	0.0	0.0	0.0	0.0	0.0	0.0	0.0	0.0	0.0	0.0	0.0	0.0	0.0	0.0	0.000156103652825	0.0	0.0	0.0	0.0	0.000132135306554	0.0	0.0	0.000378572780617	0.00012746972594	0.000407414952129	0.0	0.0
k__Bacteria;p__Actinobacteria;c__Actinobacteria;o__Actinomycetales;f__Dermabacteraceae;g__Brachybacterium;s__	0.0	0.0	0.0	0.0	0.0	0.0	0.0	0.0	0.0	0.0	0.0	0.0	0.0	0.0	0.0	0.0	0.0	0.0	0.0	0.0	0.0	0.0	0.0	0.0	0.0	0.000305561214097	0.0	0.0
k__Bacteria;p__Actinobacteria;c__Actinobacteria;o__Actinomycetales;f__Microbacteriaceae;g__;s__	0.0	0.000376222723853	9.80776775206e-05	0.0	0.0	0.0	0.0	0.0	0.00017310022503	0.000158052789632	0.000147188695908	0.0	0.00015880578053	0.0	0.0	0.0	0.0	0.000117564072419	0.0	0.0	0.0	0.0	0.0	0.0	0.0	0.0	0.0	0.0
k__Bacteria;p__Actinobacteria;c__Actinobacteria;o__Actinomycetales;f__Microbacteriaceae;g__Microbacterium;s__	0.0	0.0	0.0	0.0	0.0	0.0	0.0	0.000223613595707	0.0	0.0	0.0	0.0	0.0	0.0	0.0	0.000156103652825	0.000117426021606	0.0	0.0	0.0	0.0	0.000345542501728	0.0	0.0	0.0	0.000101853738032	0.0	0.0
k__Bacteria;p__Actinobacteria;c__Actinobacteria;o__Actinomycetales;f__Microbacteriaceae;g__Microbacterium;s__gubbeenense	0.0	0.0	0.0	0.0	0.0	0.0	0.0	0.0	0.0	0.0	0.0	0.0	0.0	0.0	0.0	0.0	0.0	0.0	0.0	0.0	0.0	0.0	0.0	0.0	0.0	0.000101853738032	0.0	0.0
k__Bacteria;p__Actinobacteria;c__Actinobacteria;o__Actinomycetales;f__Micrococcaceae;g__;s__	0.0	0.0	9.80776775206e-05	0.0	0.0	0.0	0.0	0.0	0.0	0.0	0.0	0.0	0.0	0.0	0.0	0.0	0.0	0.0	0.0	0.0	0.0	0.0	0.0	0.0	0.0	0.0	0.0	0.0
k__Bacteria;p__Actinobacteria;c__Actinobacteria;o__Actinomycetales;f__Micrococcaceae;g__Arthrobacter;s__	0.0	0.0	0.0	0.0	0.0	0.0	0.0	0.0	0.0	0.0	0.0	0.0	0.0	0.0	0.0	0.0	0.0	0.0	0.0	0.0	0.0	0.0	0.0	0.0	0.0	0.00132409859442	0.0	0.0
k__Bacteria;p__Actinobacteria;c__Actinobacteria;o__Actinomycetales;f__Micrococcaceae;g__Kocuria;s__palustris	0.0	0.0	0.000196155355041	0.0	0.0	0.0	0.0	0.0	0.0	0.0	0.0	0.0	0.0	0.0	0.0	0.0	0.0	0.0	0.0	0.0	0.0	0.0	0.0	0.0	0.0	0.0	0.0	0.0
k__Bacteria;p__Actinobacteria;c__Actinobacteria;o__Actinomycetales;f__Micrococcaceae;g__Rothia;s__	0.0	0.0	9.80776775206e-05	0.0	0.0	0.0	0.0	0.00067084078712	0.0	0.0	0.0	0.0	0.0	0.0	0.0	0.0	0.0	0.0	0.0	0.0	0.0	0.0	0.000198728139905	0.0	0.0	0.0	0.0	0.0
k__Bacteria;p__Actinobacteria;c__Actinobacteria;o__Actinomycetales;f__Micrococcaceae;g__Rothia;s__dentocariosa	0.0	0.0	0.0	0.000146649068778	0.0	0.000143802128271	0.000124719381392	0.0	0.0	0.0	0.000147188695908	0.0	0.0	0.000137684152554	0.0	0.0	0.000117426021606	0.0	0.0	0.0	0.0	0.0	0.0	0.000378572780617	0.0	0.0	0.000103337811305	0.0
k__Bacteria;p__Actinobacteria;c__Actinobacteria;o__Actinomycetales;f__Micrococcaceae;g__Rothia;s__mucilaginosa	0.0	0.000376222723853	0.000196155355041	0.000293298137557	0.0	0.0	0.0	0.00603756708408	0.0	0.0	0.0	0.0	0.0	0.0	0.0	0.0110833593506	0.000469704086426	0.000117564072419	0.0	0.0	0.0	0.000691085003455	0.000198728139905	0.00283929585463	0.00025493945188	0.0	0.0	0.000128468653649
k__Bacteria;p__Actinobacteria;c__Actinobacteria;o__Actinomycetales;f__Nocardiaceae;g__Rhodococcus;s__	0.0	0.0	0.0	0.0	0.0	0.0	0.0	0.0	0.0	0.0	0.0	0.0	0.0	0.0	0.000193873594416	0.0	0.0	0.0	0.0	0.0	0.0	0.0	0.0	0.0	0.0	0.0	0.0	0.0
k__Bacteria;p__Actinobacteria;c__Actinobacteria;o__Actinomycetales;f__Propionibacteriaceae;g__;s__	0.0	0.00112866817156	9.80776775206e-05	0.0	0.000175870559268	0.000431406384814	0.00124719381392	0.00067084078712	0.000346200450061	0.0	0.000883132175449	0.000271112918531	0.0	0.0	0.0	0.0	0.0	0.000235128144839	9.7742156192e-05	0.000337761765368	0.0	0.0	0.0	0.0	0.00484384958572	0.0	0.0	0.0
k__Bacteria;p__Actinobacteria;c__Actinobacteria;o__Actinomycetales;f__Propionibacteriaceae;g__Propionibacterium;s__acnes	0.0	0.000752445447705	0.0	0.0	0.0	0.0	0.0	0.0	0.0	0.0	0.0	0.0	0.0	0.0	0.0	0.0	0.000117426021606	0.0	0.0	0.0	0.0	0.0	0.0	0.0	0.0	0.0	0.0	0.0
k__Bacteria;p__Actinobacteria;c__Actinobacteria;o__Bifidobacteriales;f__Bifidobacteriaceae;g__Bifidobacterium;s__	0.00828978194269	0.0	0.0	0.0	0.00773830460781	0.0165372447512	0.0202045397855	0.00201252236136	0.0332352432058	0.0282914493441	0.0303208713571	0.00203334688898	0.0179450531999	0.091697645601	0.0242341993021	0.0240399625351	0.000821982151245	0.0135198683282	0.000879679405728	0.0251069578924	0.0664640591966	0.151693158258	0.00298092209857	0.0	0.0100701083493	0.0088612752088	0.0237676966002	0.0221608427544
k__Bacteria;p__Actinobacteria;c__Actinobacteria;o__Bifidobacteriales;f__Bifidobacteriaceae;g__Bifidobacterium;s__adolescentis	0.0	0.0	0.0	0.0	0.159690467816	0.0	0.0	0.0	0.0	0.13734787419	0.0267883426553	0.0	0.0	0.0817843866171	0.00697944939899	0.0179519200749	0.00152653828088	0.000940512579356	0.00518033427817	0.0177887863094	0.0910412262156	0.0	0.000993640699523	0.0	0.0166985340982	0.125178244042	0.00124005373566	0.0273638232271
k__Bacteria;p__Actinobacteria;c__Actinobacteria;o__Bifidobacteriales;f__Bifidobacteriaceae;g__Bifidobacterium;s__animalis	0.0	0.0	0.0	0.0	0.0	0.0	0.000374158144176	0.0	0.0	0.0	0.0	0.0	0.0	0.0	0.0	0.0	0.0	0.0	0.0	0.0	0.0	0.0	0.0	0.0	0.0	0.000101853738032	0.0	0.0
k__Bacteria;p__Actinobacteria;c__Actinobacteria;o__Bifidobacteriales;f__Bifidobacteriaceae;g__Bifidobacterium;s__breve	0.0	0.0	0.0	0.0	0.0	0.0	0.0	0.0	0.0212913276787	0.0	0.0	0.000135556459265	0.00015880578053	0.000137684152554	0.000193873594416	0.0	0.0	0.0	0.0	0.0	0.0	0.000172771250864	0.0	0.0	0.0	0.0	0.0	0.0
k__Bacteria;p__Actinobacteria;c__Actinobacteria;o__Bifidobacteriales;f__Bifidobacteriaceae;g__Bifidobacterium;s__longum	0.10091908452	0.0	0.0	0.0	0.000879352796342	0.0326430831176	0.00174607133949	0.000894454382826	0.0102129132768	0.061798640746	0.00147188695908	0.0188423478379	0.0479593457202	0.0235439900867	0.0548662272199	0.00343428036216	0.00305307656177	0.00352692217258	0.00293226468576	0.0111461382571	0.0	0.0965791292329	0.00476947535771	0.0	0.00356915232632	0.0283153391729	0.0275911956185	0.00706577595067
k__Bacteria;p__Actinobacteria;c__Actinobacteria;o__Bifidobacteriales;f__Bifidobacteriaceae;g__Bifidobacterium;s__pseudolongum	0.0	0.0	0.0	0.0	0.0	0.0	0.00823147917186	0.0	0.0	0.0	0.0	0.0	0.0	0.0	0.0	0.0	0.0	0.0	0.0	0.0	0.0	0.0	0.0	0.0	0.0	0.0	0.0	0.0
k__Bacteria;p__Actinobacteria;c__Actinobacteria;o__Bifidobacteriales;f__Bifidobacteriaceae;g__Scardovia;s__	0.0	0.0218209179834	0.000490388387603	0.0	0.0	0.000143802128271	0.0	0.00111806797853	0.0	0.0	0.0	0.0	0.00015880578053	0.0	0.0	0.0	0.000704556129638	0.0	0.0	0.0	0.000132135306554	0.0	0.0	0.0	0.0	0.000407414952129	0.0	0.0
k__Bacteria;p__Actinobacteria;c__Coriobacteriia;o__Coriobacteriales;f__Coriobacteriaceae;g__;s__	0.000180212650928	0.000752445447705	9.80776775206e-05	0.00087989441267	0.0284910306015	0.00790911705493	0.00249438762784	0.0360017889088	0.0121170157521	0.0766556029714	0.0170738887253	0.000271112918531	0.0122280451008	0.0	0.0131834044203	0.0227911333125	0.00234852043213	0.0129320479661	0.00195484312384	0.00945732943031	0.00251057082452	0.00518313752592	0.0121224165342	0.0	0.109241555131	0.0576492157262	0.0207709000723	0.0179856115108
k__Bacteria;p__Actinobacteria;c__Coriobacteriia;o__Coriobacteriales;f__Coriobacteriaceae;g__Adlercreutzia;s__	0.000180212650928	0.0	0.019027069439	0.00102654348145	0.000351741118537	0.00445786597642	0.000748316288351	0.0	0.00536610697594	0.00142247510669	0.000441566087724	0.00325335502237	0.0015880578053	0.0	0.0	0.00889790821105	0.00140911225928	0.000235128144839	9.7742156192e-05	0.00112587255123	0.0	0.00172771250864	0.000794912559618	0.000946431951543	0.00688336520076	0.0	0.00361682339568	0.00192702980473
k__Bacteria;p__Actinobacteria;c__Coriobacteriia;o__Coriobacteriales;f__Coriobacteriaceae;g__Atopobium;s__	0.0	0.0	9.80776775206e-05	0.0	0.0	0.0	0.0	0.0	0.0	0.0	0.000147188695908	0.0	0.0	0.0	0.0	0.000624414611302	0.0	0.0	0.0	0.0	0.0	0.0	0.0	0.0	0.0	0.000101853738032	0.0	0.0
k__Bacteria;p__Actinobacteria;c__Coriobacteriia;o__Coriobacteriales;f__Coriobacteriaceae;g__Collinsella;s__	0.0	0.0	0.0	0.0	0.0107281041154	0.000143802128271	0.0	0.0272808586762	0.00501990652588	0.00284495021337	0.00456284957315	0.000135556459265	0.0	0.000826104915324	0.00853043815432	0.0138932251015	0.0	0.00411474253468	0.000390968624768	0.00258950686782	0.0	0.00587422252937	0.0425278219396	0.0	0.0121096239643	0.0085557139947	0.00899038958355	0.0042394655704
k__Bacteria;p__Actinobacteria;c__Coriobacteriia;o__Coriobacteriales;f__Coriobacteriaceae;g__Collinsella;s__aerofaciens	0.0	0.0	0.0	0.0	0.011783327471	0.0	0.0	0.0552325581395	0.00380820495067	0.00252884463411	0.00235501913453	0.0	0.0	0.00206526228831	0.00775494377666	0.00842959725258	0.0	0.00199858923113	0.000879679405728	0.00202657059221	0.0	0.00777470628887	0.0276232114467	0.0	0.0113448056087	0.0	0.00320347215046	0.00404676258993
k__Bacteria;p__Actinobacteria;c__Coriobacteriia;o__Coriobacteriales;f__Coriobacteriaceae;g__Collinsella;s__stercoris	0.00612723013156	0.0	0.0	0.0	0.0	0.00287604256543	0.0	0.0	0.0	0.0	0.000441566087724	0.0	0.0	0.0	0.0	0.000312207305651	0.0	0.0	0.0	0.0	0.0	0.000863856254319	0.0	0.0	0.0	0.000101853738032	0.0	0.0
k__Bacteria;p__Actinobacteria;c__Coriobacteriia;o__Coriobacteriales;f__Coriobacteriaceae;g__Eggerthella;s__	0.000180212650928	0.0	0.0	0.0	0.0	0.0	0.0	0.0	0.0	0.0	0.0	0.0	0.0	0.0	0.0	0.0	0.0	0.0	0.0	0.0	0.0	0.0	0.0	0.0	0.0	0.0	0.0	0.0
k__Bacteria;p__Actinobacteria;c__Coriobacteriia;o__Coriobacteriales;f__Coriobacteriaceae;g__Eggerthella;s__lenta	0.000720850603712	0.00376222723853	0.000588466065124	0.0	0.0	0.0	0.000249438762784	0.000447227191413	0.0	0.0	0.0	0.0	0.0	0.000275368305108	0.0	0.0	0.0	0.0	0.0	0.0	0.00158562367865	0.0	0.0	0.0	0.0	0.0025463434508	0.000103337811305	0.0
k__Bacteria;p__Actinobacteria;c__Coriobacteriia;o__Coriobacteriales;f__Coriobacteriaceae;g__Enterococcus;s__casseliflavus	0.0	0.0	0.0	0.0	0.0	0.0	0.0	0.0	0.0	0.000790263948159	0.0	0.0	0.0	0.0	0.0	0.0	0.0	0.000117564072419	0.0	0.0	0.0	0.0	0.0	0.0	0.00050987890376	0.0	0.0	0.0
k__Bacteria;p__Actinobacteria;c__Coriobacteriia;o__Coriobacteriales;f__Coriobacteriaceae;g__Slackia;s__	0.0	0.0	0.0	0.000439947206335	0.00633134013366	0.0	0.0	0.0199016100179	0.00138480180024	0.00110636952742	0.00235501913453	0.0	0.000794028902652	0.00068842076277	0.002326483133	0.00140493287543	0.0	0.000117564072419	0.000195484312384	0.00112587255123	0.0	0.00362819626814	0.0121224165342	0.0	0.0025493945188	0.0	0.00692363335745	0.000706577595067
k__Bacteria;p__Actinobacteria;c__OPB41;o__;f__;g__;s__	0.0	0.0	0.0	0.0	0.0	0.0	0.0	0.0	0.0	0.000474158368895	0.0	0.0	0.0	0.0	0.0	0.000156103652825	0.0	0.0	0.0	0.0	0.0	0.0	0.000198728139905	0.0	0.00114722753346	0.000101853738032	0.0	0.0
k__Bacteria;p__Bacteroidetes;c__Bacteroidia;o__Bacteroidales;f__;g__;s__	0.0	0.000376222723853	0.0	0.0	0.0	0.0	0.0	0.0	0.0	0.00316105579263	0.0017662643509	0.0	0.0	0.0	0.0	0.0	0.0	0.0	0.0	0.00416572843954	0.0	0.0	0.0	0.0	0.0	0.000203707476064	0.0	0.0152235354573
k__Bacteria;p__Bacteroidetes;c__Bacteroidia;o__Bacteroidales;f__Bacteroidaceae;g__5-7N15;s__	0.0	0.0	0.0	0.0	0.0	0.0	0.0	0.0	0.0	0.0	0.0	0.0	0.0	0.0	0.0	0.0	0.0	0.0	0.0	0.0	0.0	0.000172771250864	0.0	0.0	0.0	0.0	0.0	0.0
k__Bacteria;p__Bacteroidetes;c__Bacteroidia;o__Bacteroidales;f__Bacteroidaceae;g__Bacteroides;s__	0.0187421156965	0.00300978179082	0.0535504119262	0.495967150609	0.101301442139	0.00532067874605	0.0	0.119409660107	0.0039813051757	0.00110636952742	0.0345893435384	0.104107360716	0.0692393203113	0.0429574555969	0.0443970531214	0.00140493287543	0.103217472992	0.00387961438984	0.206040465253	0.0226300382797	0.0317124735729	0.129405666897	0.0176868044515	0.00397501419648	0.0141491395793	0.00712976166225	0.159863594089	0.0216469681398
k__Bacteria;p__Bacteroidetes;c__Bacteroidia;o__Bacteroidales;f__Bacteroidaceae;g__Bacteroides;s__barnesiae	0.0	0.0	0.0	0.0	0.0	0.0	0.0	0.0	0.0	0.000158052789632	0.0	0.0	0.0	0.0	0.0	0.0	0.0	0.0	0.0	0.0	0.0	0.0	0.0	0.0	0.0	0.0	0.0	0.000770811921891
k__Bacteria;p__Bacteroidetes;c__Bacteroidia;o__Bacteroidales;f__Bacteroidaceae;g__Bacteroides;s__caccae	0.000540637952784	0.0	0.0	0.0033729285819	0.00123109391488	0.0	0.0	0.00134168157424	0.000346200450061	0.0	0.00132469826317	0.0638470923139	0.0	0.0198265179678	0.000969367972082	0.0	0.0400422733678	0.000470256289678	0.0	0.00112587255123	0.0	0.0196959225985	0.000198728139905	0.000189286390309	0.0038240917782	0.0	0.0	0.00250513874615
k__Bacteria;p__Bacteroidetes;c__Bacteroidia;o__Bacteroidales;f__Bacteroidaceae;g__Bacteroides;s__coprophilus	0.0	0.0	0.0	0.0	0.0	0.0	0.0	0.0	0.0	0.000632211158527	0.0036797173977	0.0	0.0	0.0	0.0	0.0	0.0	0.0	0.0	0.000225174510245	0.0	0.0	0.0	0.0	0.0	0.0	0.0	0.00828622816033
k__Bacteria;p__Bacteroidetes;c__Bacteroidia;o__Bacteroidales;f__Bacteroidaceae;g__Bacteroides;s__eggerthii	0.0	0.0	0.0	0.0	0.0	0.0	0.0	0.0	0.0	0.0	0.0	0.0	0.0	0.0	0.0	0.0	0.0	0.00199858923113	0.0	0.000450349020491	0.0	0.0	0.0	0.0	0.00038240917782	0.000712976166225	0.0	0.000321171634121
k__Bacteria;p__Bacteroidetes;c__Bacteroidia;o__Bacteroidales;f__Bacteroidaceae;g__Bacteroides;s__fragilis	0.0	0.000752445447705	0.0038250294233	0.00117319255023	0.000527611677805	0.000287604256543	0.0	0.000223613595707	0.0	0.0	0.0	0.00189779042971	0.000476417341591	0.0106016797467	0.0	0.0	0.00798496946923	0.000822948506936	0.000195484312384	0.000225174510245	0.00277484143763	0.00172771250864	0.0	0.0	0.00012746972594	0.0	0.00537356618787	6.42343268243e-05
k__Bacteria;p__Bacteroidetes;c__Bacteroidia;o__Bacteroidales;f__Bacteroidaceae;g__Bacteroides;s__ovatus	0.000360425301856	0.0	0.000686543742644	0.00469277020091	0.00123109391488	0.000143802128271	0.000124719381392	0.000894454382826	0.00017310022503	0.0	0.000588754783633	0.00515114545208	0.00142925202477	0.0050943136445	0.0114385420706	0.0	0.0018788163457	0.000235128144839	0.0110448636497	0.000112587255123	0.000396405919662	0.00293711126469	0.0	0.0	0.00025493945188	0.0	0.000310013433915	0.0
k__Bacteria;p__Bacteroidetes;c__Bacteroidia;o__Bacteroidales;f__Bacteroidaceae;g__Bacteroides;s__plebeius	0.0	0.0	0.0	0.00395952485702	0.00527611677805	0.0	0.0	0.0	0.00017310022503	0.000158052789632	0.0147188695908	0.0295513081198	0.0	0.0	0.0	0.000156103652825	0.000117426021606	0.0	0.0	0.0	0.0	0.0245335176227	0.000198728139905	0.0	0.00178457616316	0.0	0.0	0.0114337101747
k__Bacteria;p__Bacteroidetes;c__Bacteroidia;o__Bacteroidales;f__Bacteroidaceae;g__Bacteroides;s__uniformis	0.0111731843575	0.0	0.00519811690859	0.028449919343	0.0114315863524	0.000862812769629	0.0	0.00067084078712	0.0	0.000632211158527	0.00264939652635	0.0191134607564	0.00127044624424	0.00385515627151	0.00659170221016	0.000156103652825	0.00704556129638	0.000352692217258	0.034112012511	0.00360279216393	0.00462473572939	0.00639253628196	0.000596184419714	0.0	0.000764818355641	0.000509268690161	0.0301746409011	0.00269784172662
k__Bacteria;p__Bacteroidetes;c__Bacteroidia;o__Bacteroidales;f__Porphyromonadaceae;g__Parabacteroides;s__	0.00774914398991	0.000376222723853	0.0	0.0126118199149	0.00404502286317	0.000143802128271	0.0	0.00447227191413	0.00242340315042	0.000474158368895	0.00971445392994	0.017893452623	0.0107987930761	0.000275368305108	0.0323768902675	0.000156103652825	0.00434476279944	0.0148130731249	0.00312774899814	0.000112587255123	0.0	0.010193503801	0.00993640699523	0.0	0.00140216698534	0.000101853738032	0.023044331921	0.00256937307297
k__Bacteria;p__Bacteroidetes;c__Bacteroidia;o__Bacteroidales;f__Porphyromonadaceae;g__Parabacteroides;s__distasonis	0.00648765543341	0.00112866817156	0.0	0.0200909224226	0.00140696447415	0.0	0.0	0.00536672629696	0.000865501125151	0.0	0.00279658522225	0.0193845736749	0.000476417341591	0.00302905135619	0.00252035672741	0.0	0.00328792860498	0.000117564072419	0.03157071645	0.000225174510245	0.0	0.0186592950933	0.00238473767886	0.0	0.00012746972594	0.000305561214097	0.00506355275395	0.000192702980473
k__Bacteria;p__Bacteroidetes;c__Bacteroidia;o__Bacteroidales;f__Porphyromonadaceae;g__Porphyromonas;s__	0.0	0.0	0.0	0.0	0.0	0.0	0.0	0.0	0.0	0.0	0.0	0.0	0.0	0.0	0.0	0.0	0.0	0.000117564072419	0.0	0.0	0.0	0.0	0.000397456279809	0.0	0.0	0.0	0.0	0.0
k__Bacteria;p__Bacteroidetes;c__Bacteroidia;o__Bacteroidales;f__Prevotellaceae;g__;s__	0.0	0.0	0.0	0.0	0.0	0.0	0.0	0.0	0.0	0.000316105579263	0.0	0.0	0.0	0.0	0.0	0.0	0.0	0.0	0.0	0.000562936275614	0.0	0.0	0.0	0.0	0.0	0.0	0.0	0.000770811921891
k__Bacteria;p__Bacteroidetes;c__Bacteroidia;o__Bacteroidales;f__Prevotellaceae;g__Prevotella;s__	0.0	0.0	0.0	0.0331426895439	0.0	0.000287604256543	0.0	0.000447227191413	0.0	0.00158052789632	0.0186929643803	0.0	0.0	0.0	0.0	0.00296596940368	0.000469704086426	0.0	0.000195484312384	0.000788110785859	0.0	0.0	0.000596184419714	0.0	0.0044614404079	0.000101853738032	0.00020667562261	0.0273638232271
k__Bacteria;p__Bacteroidetes;c__Bacteroidia;o__Bacteroidales;f__Prevotellaceae;g__Prevotella;s__copri	0.0	0.0	0.000392310710082	0.00117319255023	0.00246218782976	0.000143802128271	0.0	0.000894454382826	0.00017310022503	0.00316105579263	0.0273770974389	0.000813338755592	0.00015880578053	0.00192757813576	0.0	0.0334061817047	0.000234852043213	0.000117564072419	0.00048871078096	0.00180139608196	0.0	0.000172771250864	0.0131160572337	0.0	0.00012746972594	0.000203707476064	0.000516689056526	0.0063591983556
k__Bacteria;p__Bacteroidetes;c__Bacteroidia;o__Bacteroidales;f__Rikenellaceae;g__;s__	0.00198233916021	0.0	0.00117693213025	0.00982548760815	0.0	0.000287604256543	0.0	0.00447227191413	0.00017310022503	0.0	0.023991757433	0.0668293344178	0.00571700809909	0.0111524163569	0.0298565335401	0.0	0.00974635979333	0.0048201269692	0.0854266445118	0.00923215492006	0.0	0.00656530753283	0.000794912559618	0.0	0.00242192479286	0.000509268690161	0.0421618270125	0.00668036998972
k__Bacteria;p__Bacteroidetes;c__Bacteroidia;o__Bacteroidales;f__Rikenellaceae;g__Alistipes;s__indistinctus	0.0	0.0	0.0	0.0	0.000703482237074	0.0	0.0	0.0	0.0	0.0	0.00191345304681	0.0	0.0	0.00481894533939	0.0	0.0	0.000117426021606	0.000117564072419	0.00332323331053	0.0	0.00132135306554	0.0	0.0	0.0	0.00025493945188	0.000101853738032	0.000826702490441	0.0
k__Bacteria;p__Bacteroidetes;c__Bacteroidia;o__Bacteroidales;f__Rikenellaceae;g__Alistipes;s__massiliensis	0.0	0.0	0.0	0.0	0.0	0.0	0.0	0.0	0.0	0.0	0.00103032087136	0.0	0.0	0.0	0.000193873594416	0.0	0.0	0.0	0.00263903821718	0.0	0.0	0.0	0.0	0.0	0.0	0.0	0.00713030898006	0.0
k__Bacteria;p__Bacteroidetes;c__Bacteroidia;o__Bacteroidales;f__S24-7;g__;s__	0.0	0.0	0.0	0.0	0.0	0.0	0.0	0.0	0.0	0.0	0.0181042095967	0.00528670191135	0.0	0.0	0.0	0.0	0.0	0.0	0.0	0.0	0.0	0.0	0.000198728139905	0.0	0.0044614404079	0.0	0.00020667562261	0.00558838643371
k__Bacteria;p__Bacteroidetes;c__Bacteroidia;o__Bacteroidales;f__[Barnesiellaceae];g__;s__	0.00216255181114	0.000376222723853	0.0	0.00351957765068	0.000527611677805	0.0	0.0	0.00134168157424	0.00121170157521	0.000158052789632	0.00117750956727	0.0120645248746	0.0015880578053	0.000275368305108	0.00426521907716	0.0	0.0158525129169	0.000587820362097	0.00146613234288	0.000225174510245	0.000264270613108	0.0043192812716	0.000596184419714	0.0	0.00242192479286	0.000101853738032	0.00671695773484	0.00224820143885
k__Bacteria;p__Bacteroidetes;c__Bacteroidia;o__Bacteroidales;f__[Odoribacteraceae];g__Butyricimonas;s__	0.0	0.0	0.0	0.0020530869629	0.000527611677805	0.0	0.0	0.000223613595707	0.0	0.0	0.00235501913453	0.00122000813339	0.0	0.000413052457662	0.0	0.0	0.00152653828088	0.0	9.7742156192e-05	0.000112587255123	0.0	0.000172771250864	0.000596184419714	0.0	0.000764818355641	0.0	0.00330680996177	0.000513874614594
k__Bacteria;p__Bacteroidetes;c__Bacteroidia;o__Bacteroidales;f__[Odoribacteraceae];g__Odoribacter;s__	0.0	0.0	0.000588466065124	0.00307963044435	0.000703482237074	0.0	0.0	0.000447227191413	0.0	0.000158052789632	0.00647630261996	0.00393113731869	0.000794028902652	0.000963789067878	0.000193873594416	0.0	0.00140911225928	0.000705384434517	0.00371420193529	0.000112587255123	0.0	0.000863856254319	0.0	0.0	0.00012746972594	0.000305561214097	0.00165340498088	0.000128468653649
k__Bacteria;p__Bacteroidetes;c__Bacteroidia;o__Bacteroidales;f__[Paraprevotellaceae];g__;s__	0.0	0.0	0.0	0.00190643789412	0.0	0.0	0.0	0.0	0.0	0.000158052789632	0.0	0.0	0.00269969826902	0.0	0.0	0.0	0.0	0.0	0.0	0.000112587255123	0.0	0.0	0.00158982511924	0.0	0.000892288081581	0.0	0.0	0.00102774922919
k__Bacteria;p__Bacteroidetes;c__Bacteroidia;o__Bacteroidales;f__[Paraprevotellaceae];g__Paraprevotella;s__	0.0	0.0	0.0	0.0114386273647	0.00228631727049	0.000287604256543	0.0	0.0	0.0	0.0	0.00471003826906	0.0035244679409	0.0	0.0	0.00135711516092	0.000468310958476	0.0	0.000822948506936	0.0	0.0010132852961	0.0	0.0	0.000794912559618	0.0	0.000892288081581	0.0	0.0	0.00192702980473
k__Bacteria;p__Bacteroidetes;c__Bacteroidia;o__Bacteroidales;f__[Paraprevotellaceae];g__[Prevotella];s__	0.0	0.0	0.0	0.0	0.0	0.0	0.0	0.0	0.0	0.0	0.00706505740359	0.000542225837061	0.0	0.0	0.0	0.00171714018108	0.0	0.0	0.0210145635813	0.0	0.0	0.0	0.0	0.0	0.0	0.0	0.0	0.0
k__Bacteria;p__Bacteroidetes;c__Flavobacteriia;o__Flavobacteriales;f__Flavobacteriaceae;g__;s__	0.0	0.0	0.0	0.0	0.0	0.0	0.0	0.0	0.0	0.0	0.0	0.0	0.00015880578053	0.0	0.0	0.0	0.0	0.000117564072419	0.0	0.0	0.0	0.0	0.0	0.0	0.0	0.0	0.0	0.0
k__Bacteria;p__Firmicutes;c__Bacilli;o__Bacillales;f__Bacillaceae;g__;s__	0.0	0.0	0.0	0.0	0.000175870559268	0.000719010641357	0.000249438762784	0.0	0.0	0.0	0.0	0.0	0.0	0.0	0.0	0.00140493287543	0.0	0.0	0.000293226468576	0.0	0.0	0.0	0.0	0.0	0.0	0.00112039111835	0.0	0.00147738951696
k__Bacteria;p__Firmicutes;c__Bacilli;o__Bacillales;f__Bacillaceae;g__Bacillus;s__	0.0	0.0	0.0	0.0	0.0	0.0	0.00124719381392	0.0	0.0	0.0	0.0	0.0	0.0	0.0	0.0	0.0	0.0	0.0	0.0	0.0	0.0	0.0	0.0	0.0	0.0	0.0	0.0	0.0
k__Bacteria;p__Firmicutes;c__Bacilli;o__Bacillales;f__Planococcaceae;g__;s__	0.000360425301856	0.00752445447705	0.0166732051785	0.0	0.000351741118537	0.00762151279839	0.00386630082315	0.00178890876565	0.000346200450061	0.00205468626521	0.000147188695908	0.000135556459265	0.000635223122122	0.000550736610216	0.0	0.00265376209803	0.000821982151245	0.0	0.0	0.000450349020491	0.00264270613108	0.0081202487906	0.00139109697933	0.0	0.00497131931166	0.000712976166225	0.0	0.0
k__Bacteria;p__Firmicutes;c__Bacilli;o__Bacillales;f__Staphylococcaceae;g__;s__	0.0	0.0	0.0	0.0	0.0	0.0	0.0	0.0	0.0	0.0	0.0	0.0	0.0	0.0	0.0	0.0	0.0	0.0	0.0	0.0	0.0	0.0	0.0	0.0	0.0	0.000101853738032	0.0	0.0
k__Bacteria;p__Firmicutes;c__Bacilli;o__Bacillales;f__Staphylococcaceae;g__Jeotgalicoccus;s__	0.0	0.0	0.0	0.0	0.0	0.0	0.0	0.0	0.0	0.0	0.0	0.0	0.0	0.0	0.0	0.0	0.0	0.0	0.0	0.0	0.0	0.0	0.0	0.0	0.0	0.000101853738032	0.0	0.0
k__Bacteria;p__Firmicutes;c__Bacilli;o__Bacillales;f__Staphylococcaceae;g__Staphylococcus;s__	0.0	0.0	0.0	0.0	0.0	0.0	0.0	0.0	0.0	0.0	0.000294377391816	0.0	0.0	0.0	0.0	0.000624414611302	0.0	0.0	0.0	0.0	0.000132135306554	0.0	0.0	0.0	0.0	0.00427785699735	0.0	0.0
k__Bacteria;p__Firmicutes;c__Bacilli;o__Bacillales;f__Staphylococcaceae;g__Staphylococcus;s__aureus	0.0	0.000376222723853	0.000392310710082	0.0	0.0	0.000287604256543	0.00261910700923	0.0	0.0	0.0	0.0	0.0	0.0	0.000137684152554	0.0	0.0	0.000117426021606	0.0	9.7742156192e-05	0.0	0.000132135306554	0.0	0.0	0.0	0.0	0.00101853738032	0.00020667562261	0.0
k__Bacteria;p__Firmicutes;c__Bacilli;o__Bacillales;f__Staphylococcaceae;g__Staphylococcus;s__equorum	0.0	0.0	0.0	0.0	0.0	0.0	0.0	0.0	0.0	0.0	0.0	0.0	0.0	0.0	0.0	0.000156103652825	0.0	0.0	0.0	0.0	0.0	0.0	0.0	0.0	0.0	0.000203707476064	0.0	0.0
k__Bacteria;p__Firmicutes;c__Bacilli;o__Bacillales;f__Staphylococcaceae;g__Staphylococcus;s__sciuri	0.0	0.0	0.0	0.0	0.0	0.0	0.0	0.0	0.0	0.0	0.0	0.0	0.0	0.0	0.0	0.0	0.0	0.0	0.0	0.0	0.0	0.0	0.0	0.0	0.0	0.00203707476064	0.0	0.0
k__Bacteria;p__Firmicutes;c__Bacilli;o__Gemellales;f__;g__;s__	0.000360425301856	0.00225733634312	0.0	0.000146649068778	0.000879352796342	0.0	0.000124719381392	0.0	0.0	0.0	0.0	0.0	0.0	0.000550736610216	0.0	0.0	0.0	0.0	0.0	0.0	0.000396405919662	0.0	0.0	0.0	0.00050987890376	0.000101853738032	0.0	0.000128468653649
k__Bacteria;p__Firmicutes;c__Bacilli;o__Gemellales;f__Gemellaceae;g__;s__	0.0	0.00112866817156	0.0	0.000146649068778	0.000175870559268	0.0	0.000374158144176	0.00245974955277	0.00017310022503	0.0	0.0	0.000135556459265	0.0	0.000137684152554	0.0	0.000312207305651	0.0	0.0	0.0	0.0	0.000132135306554	0.0	0.0	0.0	0.0006373486297	0.000509268690161	0.0	0.0
k__Bacteria;p__Firmicutes;c__Bacilli;o__Gemellales;f__Gemellaceae;g__Gemella;s__	0.000180212650928	0.00827689992476	0.0	0.000146649068778	0.000703482237074	0.0	0.000124719381392	0.0	0.00017310022503	0.0	0.0	0.000406669377796	0.0	0.000137684152554	0.0	0.00109272556978	0.000352278064819	0.0	0.0	0.000225174510245	0.000264270613108	0.0	0.000198728139905	0.000378572780617	0.00101975780752	0.000101853738032	0.00020667562261	0.0
k__Bacteria;p__Firmicutes;c__Bacilli;o__Lactobacillales;f__;g__;s__	0.0	0.00451467268623	0.00147116516281	0.0	0.0	0.00143802128271	0.00162135195809	0.000447227191413	0.0	0.000316105579263	0.000588754783633	0.0	0.0	0.000137684152554	0.0	0.000936621916953	0.000117426021606	0.0	0.000684195093344	0.0	0.000792811839323	0.0	0.0	0.000567859170926	0.0	0.00183336728458	0.0	0.0
k__Bacteria;p__Firmicutes;c__Bacilli;o__Lactobacillales;f__Aerococcaceae;g__;s__	0.0	0.000752445447705	0.0	0.0	0.0	0.0	0.0	0.00134168157424	0.00017310022503	0.0	0.0	0.0	0.0	0.0	0.0	0.0	0.0	0.0	9.7742156192e-05	0.0	0.0	0.0	0.0	0.0	0.0	0.000101853738032	0.0	0.0
k__Bacteria;p__Firmicutes;c__Bacilli;o__Lactobacillales;f__Aerococcaceae;g__Abiotrophia;s__	0.0	0.0	0.0	0.0	0.0	0.0	0.0	0.00134168157424	0.0	0.0	0.0	0.0	0.0	0.0	0.0	0.0	0.0	0.0	0.0	0.0	0.000132135306554	0.0	0.000198728139905	0.0	0.0	0.000305561214097	0.0	6.42343268243e-05
k__Bacteria;p__Firmicutes;c__Bacilli;o__Lactobacillales;f__Aerococcaceae;g__Aerococcus;s__	0.0	0.000376222723853	0.0	0.0	0.0	0.0	0.0	0.0	0.0	0.0	0.0	0.0	0.0	0.000137684152554	0.0	0.000156103652825	0.0	0.0	0.0	0.0	0.0	0.0	0.0	0.0	0.0	0.000712976166225	0.0	0.0
k__Bacteria;p__Firmicutes;c__Bacilli;o__Lactobacillales;f__Aerococcaceae;g__Alkalibacterium;s__	0.0	0.0	0.0	0.0	0.0	0.0	0.0	0.0	0.0	0.0	0.0	0.0	0.0	0.0	0.0	0.0	0.0	0.0	0.0	0.0	0.0	0.0	0.0	0.0	0.0	0.000305561214097	0.0	0.0
k__Bacteria;p__Firmicutes;c__Bacilli;o__Lactobacillales;f__Aerococcaceae;g__Alloiococcus;s__	0.0	0.000376222723853	0.0	0.0	0.0	0.0	0.0	0.0	0.0	0.0	0.000147188695908	0.0	0.0	0.0	0.0	0.0	0.0	0.0	0.0	0.0	0.0	0.0	0.0	0.0	0.00025493945188	0.0	0.0	0.0
k__Bacteria;p__Firmicutes;c__Bacilli;o__Lactobacillales;f__Aerococcaceae;g__Facklamia;s__	0.0	0.00188111361926	0.0	0.0	0.0	0.0	0.0	0.0	0.0	0.0	0.0	0.0	0.0	0.0	0.0	0.0	0.0	0.0	0.0	0.0	0.0	0.0	0.0	0.0	0.0	0.000203707476064	0.0	0.0
k__Bacteria;p__Firmicutes;c__Bacilli;o__Lactobacillales;f__Aerococcaceae;g__Marinilactibacillus;s__psychrotolerans	0.0	0.0	0.0	0.0	0.0	0.0	0.0	0.0	0.0	0.0	0.0	0.0	0.0	0.0	0.0	0.0	0.0	0.0	0.0	0.0	0.0	0.0	0.0	0.0	0.0	0.000203707476064	0.0	0.0
k__Bacteria;p__Firmicutes;c__Bacilli;o__Lactobacillales;f__Carnobacteriaceae;g__;s__	0.0	0.0	0.0	0.0	0.0	0.0	0.000124719381392	0.0	0.0	0.0	0.0	0.0	0.0	0.0	0.0	0.0	0.0	0.0	0.0	0.0	0.0	0.0	0.0	0.0	0.0	0.0	0.0	0.0
k__Bacteria;p__Firmicutes;c__Bacilli;o__Lactobacillales;f__Carnobacteriaceae;g__Carnobacterium;s__	0.0	0.000376222723853	0.0	0.0	0.0	0.0	0.0	0.000223613595707	0.0	0.0	0.0	0.0	0.0	0.0	0.0	0.000156103652825	0.0	0.0	0.0	0.0	0.0	0.0	0.0	0.0	0.0	0.0	0.0	0.0
k__Bacteria;p__Firmicutes;c__Bacilli;o__Lactobacillales;f__Carnobacteriaceae;g__Desemzia;s__	0.0	0.0	0.0	0.0	0.0	0.0	0.0	0.0	0.0	0.0	0.0	0.0	0.0	0.0	0.0	0.000624414611302	0.0	0.000117564072419	0.0	0.0	0.00066067653277	0.0	0.0	0.0	0.0	0.0	0.0	0.0
k__Bacteria;p__Firmicutes;c__Bacilli;o__Lactobacillales;f__Carnobacteriaceae;g__Granulicatella;s__	0.000180212650928	0.0191873589165	0.00255001961554	0.0	0.000527611677805	0.00244463618062	0.00124719381392	0.00201252236136	0.000692400900121	0.000158052789632	0.000588754783633	0.00122000813339	0.00015880578053	0.000413052457662	0.0	0.00390259132064	0.0	0.000235128144839	9.7742156192e-05	0.0	0.00264270613108	0.000518313752592	0.000198728139905	0.00113571834185	0.0	0.00478712568751	0.0	0.000128468653649
k__Bacteria;p__Firmicutes;c__Bacilli;o__Lactobacillales;f__Enterococcaceae;g__;s__	0.0	0.00413844996238	0.000392310710082	0.0	0.0	0.0	0.00810675979047	0.00268336314848	0.00121170157521	0.0	0.000147188695908	0.0	0.0	0.0	0.0	0.0012488292226	0.000939408172851	0.0	0.0	0.0	0.0	0.0	0.0	0.00170357751278	0.0	0.0	0.0	6.42343268243e-05
k__Bacteria;p__Firmicutes;c__Bacilli;o__Lactobacillales;f__Enterococcaceae;g__Enterococcus;s__	0.00090106325464	0.00489089541008	0.000686543742644	0.0	0.0	0.0	0.0291843352457	0.00447227191413	0.0017310022503	0.0	0.000147188695908	0.0	0.00015880578053	0.00316673550874	0.000193873594416	0.0193568529504	0.00199624236731	0.000117564072419	0.0	0.0	0.00647463002114	0.0	0.0	0.00492144614802	0.0	0.000101853738032	0.0	0.00269784172662
k__Bacteria;p__Firmicutes;c__Bacilli;o__Lactobacillales;f__Enterococcaceae;g__Enterococcus;s__casseliflavus	0.0	0.0	0.0	0.0	0.0	0.0	0.00212022948366	0.000223613595707	0.0	0.0	0.0	0.0	0.0	0.000137684152554	0.0	0.000312207305651	0.000117426021606	0.0	0.0	0.0	0.000132135306554	0.0	0.0	0.0	0.0	0.0	0.0	0.000256937307297
k__Bacteria;p__Firmicutes;c__Bacilli;o__Lactobacillales;f__Enterococcaceae;g__Enterococcus;s__cecorum	0.0	0.000752445447705	0.0	0.0	0.0	0.0	0.0	0.0	0.0	0.0	0.0	0.0	0.0	0.000137684152554	0.0	0.0	0.000117426021606	0.0	0.0	0.0	0.0	0.0	0.0	0.000189286390309	0.0	0.0	0.0	0.0
k__Bacteria;p__Firmicutes;c__Bacilli;o__Lactobacillales;f__Enterococcaceae;g__Enterococcus;s__haemoperoxidus	0.000180212650928	0.0	0.0	0.0	0.0	0.0	0.0	0.0	0.0	0.0	0.0	0.0	0.0	0.0	0.0	0.0	0.000117426021606	0.0	0.0	0.0	0.0	0.0	0.0	0.0	0.0	0.0	0.0	6.42343268243e-05
k__Bacteria;p__Firmicutes;c__Bacilli;o__Lactobacillales;f__Enterococcaceae;g__Enterococcus;s__sulfureus	0.0	0.0	0.0	0.0	0.0	0.0	0.000124719381392	0.0	0.0	0.0	0.0	0.0	0.0	0.0	0.0	0.000156103652825	0.0	0.0	0.0	0.0	0.000132135306554	0.0	0.0	0.0	0.0	0.0	0.0	0.0
k__Bacteria;p__Firmicutes;c__Bacilli;o__Lactobacillales;f__Enterococcaceae;g__Vagococcus;s__	0.0	0.012791572611	0.000392310710082	0.0	0.000175870559268	0.0	0.000748316288351	0.00067084078712	0.000519300675091	0.0	0.0	0.0	0.0	0.000275368305108	0.0	0.00265376209803	0.0	0.0	0.0	0.0	0.000264270613108	0.000172771250864	0.000198728139905	0.000946431951543	0.00025493945188	0.000101853738032	0.000103337811305	6.42343268243e-05
k__Bacteria;p__Firmicutes;c__Bacilli;o__Lactobacillales;f__Lactobacillaceae;g__;s__	0.000360425301856	0.0	0.0	0.0	0.0	0.0	0.0	0.0	0.0	0.0	0.0	0.0	0.000476417341591	0.0	0.0	0.000156103652825	0.0	0.0	0.0	0.0	0.0	0.0	0.0	0.0	0.0	0.0	0.0	0.0
k__Bacteria;p__Firmicutes;c__Bacilli;o__Lactobacillales;f__Lactobacillaceae;g__Lactobacillus;s__	0.525860515408	0.00263355906697	0.000294233032562	0.0	0.0	0.00115041702617	0.000374158144176	0.00067084078712	0.0	0.0	0.0	0.000135556459265	0.000317611561061	0.00206526228831	0.0	0.000156103652825	0.0127994363551	0.0	0.0	0.000225174510245	0.0	0.0	0.0	0.000189286390309	0.00305927342256	0.0	0.0	0.0
k__Bacteria;p__Firmicutes;c__Bacilli;o__Lactobacillales;f__Lactobacillaceae;g__Lactobacillus;s__agilis	0.000360425301856	0.0	0.0	0.0	0.0	0.0	0.0	0.0	0.0	0.0	0.0	0.0	0.0	0.0	0.0	0.0	0.0	0.0	0.0	0.0	0.0	0.0	0.0	0.0	0.0	0.0	0.0	0.0
k__Bacteria;p__Firmicutes;c__Bacilli;o__Lactobacillales;f__Lactobacillaceae;g__Lactobacillus;s__brevis	0.000180212650928	0.0	0.0	0.0	0.0	0.0	0.0	0.0	0.0	0.0	0.0	0.0	0.0	0.0	0.0	0.0	0.0	0.0	0.0	0.0	0.0	0.0	0.0	0.0	0.00038240917782	0.0	0.0	0.0
k__Bacteria;p__Firmicutes;c__Bacilli;o__Lactobacillales;f__Lactobacillaceae;g__Lactobacillus;s__coleohominis	0.00090106325464	0.0	0.0	0.0	0.0	0.0	0.0	0.0	0.0	0.0	0.0	0.0	0.0	0.0	0.0	0.0	0.0	0.0	0.0	0.0	0.0	0.0	0.0	0.0	0.0	0.0	0.0	0.0
k__Bacteria;p__Firmicutes;c__Bacilli;o__Lactobacillales;f__Lactobacillaceae;g__Lactobacillus;s__delbrueckii	0.0	0.0	0.000294233032562	0.0	0.0	0.000143802128271	0.0	0.0	0.0	0.0	0.0	0.0	0.0	0.0	0.0	0.0	0.0	0.0	0.0	0.0	0.0	0.0	0.0	0.0	0.0	0.0	0.0	0.0
k__Bacteria;p__Firmicutes;c__Bacilli;o__Lactobacillales;f__Lactobacillaceae;g__Lactobacillus;s__iners	0.000180212650928	0.0	0.0	0.0	0.0	0.0	0.0	0.0	0.0	0.0	0.0	0.0	0.0	0.0	0.0	0.0	0.0	0.0	0.0	0.0	0.0	0.0	0.0	0.0	0.0	0.0	0.0	0.0
k__Bacteria;p__Firmicutes;c__Bacilli;o__Lactobacillales;f__Lactobacillaceae;g__Lactobacillus;s__mucosae	0.0	0.0	0.0	0.0	0.0	0.0	0.0	0.0	0.0	0.0	0.0	0.0	0.0	0.000137684152554	0.0	0.0	0.00164396430249	0.0	0.0	0.0	0.0	0.0	0.0	0.0	0.0	0.0	0.0	0.0
k__Bacteria;p__Firmicutes;c__Bacilli;o__Lactobacillales;f__Lactobacillaceae;g__Lactobacillus;s__plantarum	0.000180212650928	0.0	0.0	0.0	0.0	0.0	0.0	0.0	0.0	0.0	0.0	0.0	0.0	0.0	0.0	0.000468310958476	0.0	0.0	0.0	0.0	0.0	0.0	0.0	0.0	0.0	0.0	0.0	0.0
k__Bacteria;p__Firmicutes;c__Bacilli;o__Lactobacillales;f__Lactobacillaceae;g__Lactobacillus;s__reuteri	0.00144170120742	0.0	0.0	0.0	0.0	0.0	0.0	0.0	0.0	0.0	0.0	0.0	0.000476417341591	0.0	0.0	0.0	0.0	0.0	0.0	0.0	0.0	0.0	0.0	0.0	0.0	0.0	0.0	0.0
k__Bacteria;p__Firmicutes;c__Bacilli;o__Lactobacillales;f__Lactobacillaceae;g__Lactobacillus;s__ruminis	0.0	0.0	0.0	0.0	0.0	0.0	0.0	0.0	0.0	0.0	0.0	0.0	0.0	0.00192757813576	0.00794881737107	0.0	0.0	0.0	0.0	0.0	0.0	0.0	0.0	0.0	0.0	0.0	0.0	0.0
k__Bacteria;p__Firmicutes;c__Bacilli;o__Lactobacillales;f__Lactobacillaceae;g__Lactobacillus;s__salivarius	0.0	0.0	0.0	0.0	0.0	0.000143802128271	0.0	0.0	0.0	0.0	0.0	0.0	0.0	0.0	0.0	0.0	0.0	0.0	0.0	0.0	0.0	0.0	0.0	0.0	0.0	0.0	0.0	0.0
k__Bacteria;p__Firmicutes;c__Bacilli;o__Lactobacillales;f__Lactobacillaceae;g__Lactobacillus;s__vaginalis	0.0106325464048	0.0	0.0	0.0	0.0	0.0	0.0	0.0	0.0	0.0	0.0	0.0	0.0	0.0	0.0	0.0	0.0	0.0	0.0	0.0	0.0	0.0	0.0	0.0	0.0	0.0	0.0	0.0
k__Bacteria;p__Firmicutes;c__Bacilli;o__Lactobacillales;f__Lactobacillaceae;g__Lactobacillus;s__zeae	0.00414489097135	0.0	0.0	0.0	0.0	0.0	0.0	0.000894454382826	0.0	0.0	0.0	0.000135556459265	0.0	0.0	0.000581620783249	0.000156103652825	0.000704556129638	0.0	0.0	0.0	0.0	0.0	0.0	0.0	0.0	0.0	0.0	0.0
k__Bacteria;p__Firmicutes;c__Bacilli;o__Lactobacillales;f__Lactobacillaceae;g__Pediococcus;s__	0.00108127590557	0.0	0.0	0.0	0.0	0.0	0.0	0.000223613595707	0.0	0.0	0.0	0.0	0.0	0.0	0.0	0.00265376209803	0.00681070925317	0.0	0.0	0.0	0.0	0.0	0.0	0.0	0.0	0.0	0.0	0.0
k__Bacteria;p__Firmicutes;c__Bacilli;o__Lactobacillales;f__Lactobacillaceae;g__Pediococcus;s__acidilactici	0.0322580645161	0.0	0.0	0.0	0.0	0.0	0.000124719381392	0.00067084078712	0.0	0.0	0.0	0.0	0.0	0.0	0.0	0.00530752419607	0.000587130108032	0.0	0.0	0.0	0.0	0.0	0.0	0.0	0.0	0.0	0.0	0.0
k__Bacteria;p__Firmicutes;c__Bacilli;o__Lactobacillales;f__Lactobacillaceae;g__Pediococcus;s__cellicola	0.000180212650928	0.0	0.0	0.0	0.0	0.0	0.0	0.0	0.0	0.0	0.0	0.0	0.0	0.0	0.0	0.0	0.0	0.0	0.0	0.0	0.0	0.0	0.0	0.0	0.0	0.0	0.0	0.0
k__Bacteria;p__Firmicutes;c__Bacilli;o__Lactobacillales;f__Lactobacillaceae;g__Pediococcus;s__damnosus	0.000180212650928	0.0	0.0	0.0	0.0	0.0	0.0	0.0	0.0	0.0	0.0	0.0	0.0	0.0	0.0	0.0	0.0	0.0	0.0	0.0	0.0	0.0	0.0	0.0	0.0	0.0	0.0	0.0
k__Bacteria;p__Firmicutes;c__Bacilli;o__Lactobacillales;f__Leuconostocaceae;g__;s__	0.0	0.0	0.000196155355041	0.0	0.0	0.0	0.0	0.0	0.0	0.0	0.0	0.0	0.0	0.0	0.0	0.0	0.000117426021606	0.0	0.0	0.0	0.0	0.0	0.0	0.0	0.0	0.0	0.0	0.0
k__Bacteria;p__Firmicutes;c__Bacilli;o__Lactobacillales;f__Leuconostocaceae;g__Leuconostoc;s__	0.000180212650928	0.0	0.000686543742644	0.0	0.0	0.0	0.000873035669743	0.0	0.000519300675091	0.0	0.0	0.000813338755592	0.0	0.0	0.0	0.00109272556978	0.0	0.0	0.000390968624768	0.0	0.000792811839323	0.0	0.0	0.000567859170926	0.0006373486297	0.0028519046649	0.0	0.000128468653649
k__Bacteria;p__Firmicutes;c__Bacilli;o__Lactobacillales;f__Leuconostocaceae;g__Leuconostoc;s__mesenteroides	0.0	0.0	0.000490388387603	0.0	0.0	0.000143802128271	0.0	0.0	0.00017310022503	0.0	0.0	0.0	0.0	0.0	0.0	0.000156103652825	0.0	0.0	0.0	0.0	0.000132135306554	0.0	0.0	0.0	0.0	0.000407414952129	0.0	0.0
k__Bacteria;p__Firmicutes;c__Bacilli;o__Lactobacillales;f__Leuconostocaceae;g__Weissella;s__confusa	0.0	0.0	0.000294233032562	0.0	0.0	0.0	0.0	0.0	0.0	0.0	0.0	0.0	0.0	0.0	0.0	0.0	0.000117426021606	0.0	0.0	0.0	0.0	0.0	0.0	0.0	0.0	0.0	0.0	0.0
k__Bacteria;p__Firmicutes;c__Bacilli;o__Lactobacillales;f__Leuconostocaceae;g__Weissella;s__paramesenteroides	0.0	0.0	0.0	0.0	0.0	0.0	0.0	0.0	0.0	0.0	0.0	0.0	0.0	0.0	0.0	0.0	0.000117426021606	0.0	0.0	0.0	0.0	0.0	0.0	0.0	0.0	0.0	0.0	0.0
k__Bacteria;p__Firmicutes;c__Bacilli;o__Lactobacillales;f__Leuconostocaceae;g__Weissella;s__thailandensis	0.0	0.0	0.0	0.0	0.0	0.0	0.0	0.0	0.0	0.0	0.0	0.0	0.0	0.0	0.0	0.0	0.000234852043213	0.0	0.0	0.0	0.0	0.0	0.0	0.0	0.0	0.0	0.0	0.0
k__Bacteria;p__Firmicutes;c__Bacilli;o__Lactobacillales;f__Streptococcaceae;g__;s__	0.000540637952784	0.00150489089541	0.0	0.0	0.0	0.0	0.000124719381392	0.000223613595707	0.00017310022503	0.0	0.0	0.000271112918531	0.0	0.000413052457662	0.0	0.0012488292226	0.0	0.0	0.0	0.0	0.0	0.0	0.0	0.000189286390309	0.0	0.000101853738032	0.000103337811305	0.0
k__Bacteria;p__Firmicutes;c__Bacilli;o__Lactobacillales;f__Streptococcaceae;g__Lactococcus;s__	0.000180212650928	0.000376222723853	0.00343271871322	0.0	0.0	0.0104975553638	0.00498877525567	0.000223613595707	0.00882811147654	0.000158052789632	0.000294377391816	0.000677782296326	0.0	0.0	0.000193873594416	0.000780518264127	0.000117426021606	0.0	0.000195484312384	0.0	0.00383192389006	0.000518313752592	0.000198728139905	0.0	0.000892288081581	0.0241393359136	0.000310013433915	0.0
k__Bacteria;p__Firmicutes;c__Bacilli;o__Lactobacillales;f__Streptococcaceae;g__Lactococcus;s__garvieae	0.0	0.00489089541008	9.80776775206e-05	0.0	0.0	0.0	0.000374158144176	0.00134168157424	0.0	0.0	0.0	0.0	0.0	0.000137684152554	0.0	0.0	0.000352278064819	0.0	0.0	0.000112587255123	0.0	0.0	0.0	0.000189286390309	0.0	0.0	0.0	0.0
k__Bacteria;p__Firmicutes;c__Bacilli;o__Lactobacillales;f__Streptococcaceae;g__Streptococcus;s__	0.0153180753289	0.061324303988	0.181541781091	0.00982548760815	0.00457263454098	0.168967500719	0.00897979546021	0.0614937388193	0.0133287173273	0.0145408566461	0.000441566087724	0.00271112918531	0.00333492139114	0.0128046261875	0.000969367972082	0.221354979707	0.0853687177078	0.00105807665178	0.00684195093344	0.00405314118442	0.141384778013	0.0157221838286	0.00635930047695	0.015332197615	0.0145315487572	0.012528009778	0.00237676966002	0.00147738951696
k__Bacteria;p__Firmicutes;c__Bacilli;o__Lactobacillales;f__Streptococcaceae;g__Streptococcus;s__anginosus	0.0	0.0	9.80776775206e-05	0.0	0.0	0.000431406384814	0.0	0.0	0.0	0.0	0.0	0.000135556459265	0.0	0.0	0.0	0.0	0.0	0.0	0.0	0.000337761765368	0.000264270613108	0.0	0.0	0.000189286390309	0.00050987890376	0.0	0.0	0.0
k__Bacteria;p__Firmicutes;c__Bacilli;o__Lactobacillales;f__Streptococcaceae;g__Streptococcus;s__infantis	0.0	0.000752445447705	0.0	0.0	0.000175870559268	0.0	0.000124719381392	0.000223613595707	0.00017310022503	0.0	0.0	0.0	0.0	0.0	0.0	0.00187324383391	0.0	0.0	0.0	0.0	0.000264270613108	0.000172771250864	0.0	0.0	0.00050987890376	0.0	0.0	0.000578108941418
k__Bacteria;p__Firmicutes;c__Bacilli;o__Lactobacillales;f__Streptococcaceae;g__Streptococcus;s__minor	0.0	0.0	0.0	0.0	0.0	0.0	0.0	0.0	0.00017310022503	0.0	0.0	0.0	0.0	0.0	0.0	0.00109272556978	0.000587130108032	0.0	0.0	0.0	0.0	0.0	0.0	0.000189286390309	0.0	0.0	0.0	0.0
k__Bacteria;p__Firmicutes;c__Bacilli;o__Turicibacterales;f__Turicibacteraceae;g__Turicibacter;s__	0.0	0.0	0.0	0.0	0.00298979950756	0.00517687661777	0.000124719381392	0.0	0.0	0.0	0.0	0.0	0.0	0.0	0.0	0.0012488292226	0.0	0.0	0.000293226468576	0.000225174510245	0.0	0.0	0.0	0.0	0.0	0.003157465879	0.0	0.00250513874615
k__Bacteria;p__Firmicutes;c__Clostridia;o__;f__;g__;s__	0.0	0.0	0.0	0.0	0.000175870559268	0.0	0.0	0.0	0.0	0.000158052789632	0.0	0.0	0.0	0.0	0.0	0.0	0.0	0.0	0.0	0.0	0.0	0.0	0.000198728139905	0.0	0.00012746972594	0.0	0.0	6.42343268243e-05
k__Bacteria;p__Firmicutes;c__Clostridia;o__Clostridiales;f__;g__;s__	0.0160389259326	0.148984198646	0.0705178501373	0.0315295497874	0.0902215969047	0.085274662065	0.0268146669993	0.0386851520572	0.0527955686342	0.116642958748	0.158080659405	0.0673715602548	0.052405907575	0.067602918904	0.0422644435828	0.0407430533874	0.0372240488492	0.143663296497	0.0378262144463	0.0901823913533	0.0486257928118	0.0392190739461	0.0991653418124	0.022714366837	0.144040790312	0.145854552862	0.068409631084	0.128918293936
k__Bacteria;p__Firmicutes;c__Clostridia;o__Clostridiales;f__Christensenellaceae;g__;s__	0.017660839791	0.000752445447705	0.00205963122793	0.00190643789412	0.000703482237074	0.000862812769629	0.0	0.00424865831843	0.000692400900121	0.00395131974079	0.0206064174271	0.0128778636302	0.0020644751469	0.000275368305108	0.000775494377666	0.000156103652825	0.00246594645373	0.000822948506936	0.00576678721533	0.000788110785859	0.00502114164905	0.00103662750518	0.0121224165342	0.000567859170926	0.00331421287444	0.000101853738032	0.00527022837656	0.0112410071942
k__Bacteria;p__Firmicutes;c__Clostridia;o__Clostridiales;f__Christensenellaceae;g__Christensenella;s__	0.00198233916021	0.0	0.0	0.000146649068778	0.000351741118537	0.000143802128271	0.0	0.00201252236136	0.000519300675091	0.00221273905484	0.0	0.000813338755592	0.0	0.000137684152554	0.000193873594416	0.000156103652825	0.000352278064819	0.0	0.000293226468576	0.0	0.000924947145877	0.00103662750518	0.000794912559618	0.0	0.00140216698534	0.000101853738032	0.00103337811305	0.000321171634121
k__Bacteria;p__Firmicutes;c__Clostridia;o__Clostridiales;f__Clostridiaceae;g__;s__	0.0	0.0632054176072	0.00205963122793	0.00175978882534	0.00474850510025	0.00848432556802	0.00162135195809	0.0118515205725	0.00276960360048	0.0034771613719	0.0113335295849	0.00298224210384	0.00571700809909	0.00564505025472	0.0124079100427	0.00421479862629	0.0017613903241	0.00552551140372	0.00645098230867	0.0111461382571	0.0146670190275	0.00328265376641	0.00655802861685	0.00548930531895	0.0110898661568	0.0270930943166	0.0104371189418	0.00745118191161
k__Bacteria;p__Firmicutes;c__Clostridia;o__Clostridiales;f__Clostridiaceae;g__02d06;s__	0.000180212650928	0.0165537998495	0.0	0.0	0.0	0.0	0.0	0.0	0.00017310022503	0.000158052789632	0.000294377391816	0.0	0.0	0.0	0.0	0.0	0.0	0.0	0.0	0.000450349020491	0.000132135306554	0.0	0.0	0.0	0.00114722753346	0.0088612752088	0.0	0.000385405960946
k__Bacteria;p__Firmicutes;c__Clostridia;o__Clostridiales;f__Clostridiaceae;g__Clostridium;s__	0.000180212650928	0.0285929270128	0.0151039623382	0.000733245343892	0.0175870559268	0.0122231809031	0.00286854577201	0.00290697674419	0.0157521204778	0.00632211158527	0.00883132175449	0.00704893588179	0.0133396855646	0.0291890403415	0.0143466459868	0.0142054324071	0.00528417097229	0.0230425581942	0.0121200273678	0.0501013285296	0.00184989429175	0.003800967519	0.0139109697933	0.00416430058679	0.00968769917145	0.00539824811571	0.00527022837656	0.0260791366906
k__Bacteria;p__Firmicutes;c__Clostridia;o__Clostridiales;f__Clostridiaceae;g__Clostridium;s__butyricum	0.0	0.00150489089541	0.0	0.0	0.0	0.0	0.000374158144176	0.0	0.0	0.0	0.0	0.0	0.0	0.0	0.0	0.0	0.0	0.0	0.0	0.0	0.0	0.0	0.0	0.0	0.0	0.0	0.0	0.0
k__Bacteria;p__Firmicutes;c__Clostridia;o__Clostridiales;f__Clostridiaceae;g__Clostridium;s__celatum	0.0	0.000376222723853	0.0	0.0	0.0	0.0	0.0	0.0	0.0	0.0	0.0	0.0	0.0	0.0	0.0	0.0	0.0	0.0	0.0	0.0	0.0	0.0	0.0	0.000378572780617	0.0	0.0	0.0	0.0
k__Bacteria;p__Firmicutes;c__Clostridia;o__Clostridiales;f__Clostridiaceae;g__Clostridium;s__neonatale	0.0	0.0	0.0	0.0	0.0	0.0	0.00124719381392	0.0	0.0	0.0	0.0	0.0	0.0	0.0	0.0	0.0	0.0	0.0	0.0	0.0	0.0	0.0	0.0	0.0	0.0	0.0	0.0	0.0
k__Bacteria;p__Firmicutes;c__Clostridia;o__Clostridiales;f__Clostridiaceae;g__Clostridium;s__perfringens	0.0	0.0304740406321	0.0	0.0	0.0	0.0	0.0	0.0	0.0	0.0	0.0	0.0	0.0	0.0	0.0	0.0	0.0	0.0	0.0	0.0	0.0	0.0	0.0	0.000189286390309	0.0	0.0	0.0	0.000256937307297
k__Bacteria;p__Firmicutes;c__Clostridia;o__Clostridiales;f__Clostridiaceae;g__SMB53;s__	0.000360425301856	0.00752445447705	9.80776775206e-05	0.000146649068778	0.000175870559268	0.000575208513086	0.000498877525567	0.0	0.000346200450061	0.0	0.000294377391816	0.000135556459265	0.000317611561061	0.0	0.0	0.000468310958476	0.000234852043213	0.000117564072419	0.000195484312384	0.00225174510245	0.0	0.0	0.000596184419714	0.000189286390309	0.00114722753346	0.00590751680587	0.00020667562261	0.000192702980473
k__Bacteria;p__Firmicutes;c__Clostridia;o__Clostridiales;f__Clostridiaceae;g__Sarcina;s__	0.0	0.0	0.0	0.0	0.0	0.0	0.0	0.0	0.0	0.0	0.0	0.0	0.0	0.0	0.0	0.0	0.0	0.0	0.0	0.0	0.0	0.0	0.0	0.0	0.0	0.000101853738032	0.0	0.0
k__Bacteria;p__Firmicutes;c__Clostridia;o__Clostridiales;f__Dehalobacteriaceae;g__;s__	0.0	0.0	0.0	0.0	0.0	0.0	0.0	0.0	0.0	0.0	0.000147188695908	0.0	0.0	0.0	0.0	0.0	0.0	0.0	9.7742156192e-05	0.0	0.0	0.0	0.0	0.0	0.0	0.0	0.0	0.0
k__Bacteria;p__Firmicutes;c__Clostridia;o__Clostridiales;f__Dehalobacteriaceae;g__Dehalobacterium;s__	0.0	0.0	0.0	0.0	0.0	0.0	0.0	0.0	0.0	0.0	0.0	0.000135556459265	0.0	0.0	0.0	0.0	0.000352278064819	0.0	9.7742156192e-05	0.0	0.000132135306554	0.0	0.000397456279809	0.0	0.00050987890376	0.0	0.000310013433915	0.000385405960946
k__Bacteria;p__Firmicutes;c__Clostridia;o__Clostridiales;f__EtOH8;g__;s__	0.0	0.0	0.0	0.0	0.0	0.0	0.0	0.0	0.0	0.0	0.0	0.0	0.0	0.0	0.0	0.0	0.0	0.0	0.00107516371811	0.0	0.0	0.0	0.0	0.0	0.0	0.0	0.0	0.0
k__Bacteria;p__Firmicutes;c__Clostridia;o__Clostridiales;f__Eubacteriaceae;g__Anaerofustis;s__	0.0	0.0	0.000196155355041	0.000293298137557	0.0	0.000143802128271	0.0	0.000894454382826	0.000346200450061	0.000632211158527	0.000147188695908	0.0	0.0	0.0	0.0	0.0	0.000352278064819	0.0	0.0	0.0	0.000132135306554	0.000172771250864	0.000198728139905	0.000567859170926	0.0	0.0	0.000103337811305	0.0
k__Bacteria;p__Firmicutes;c__Clostridia;o__Clostridiales;f__Eubacteriaceae;g__Pseudoramibacter_Eubacterium;s__	0.000540637952784	0.0	0.0	0.000586596275114	0.0	0.0	0.0	0.0	0.00017310022503	0.0	0.0	0.0	0.0	0.0	0.0	0.000156103652825	0.000117426021606	0.0	0.000390968624768	0.0	0.0	0.0	0.0	0.0	0.00012746972594	0.000407414952129	0.0	0.0
k__Bacteria;p__Firmicutes;c__Clostridia;o__Clostridiales;f__Lachnospiraceae;g__;s__	0.00792935664084	0.0752445447705	0.1186739898	0.0492740871095	0.0942666197679	0.149554213402	0.103267647792	0.12186940966	0.149385494201	0.0690690690691	0.10214895496	0.0942117391894	0.23042718755	0.144981412639	0.0692128732067	0.0983453012801	0.106153123532	0.105690101105	0.113771869807	0.205584327854	0.0286733615222	0.0646164478231	0.117448330684	0.000378572780617	0.106182281708	0.100733346914	0.156970135373	0.143692189106
k__Bacteria;p__Firmicutes;c__Clostridia;o__Clostridiales;f__Lachnospiraceae;g__Anaerostipes;s__	0.0	0.0	0.00588466065124	0.000293298137557	0.0	0.000862812769629	0.000249438762784	0.0	0.000692400900121	0.0	0.000883132175449	0.00135556459265	0.000635223122122	0.000137684152554	0.000193873594416	0.0	0.000469704086426	0.0	0.000879679405728	0.000112587255123	0.000528541226216	0.0	0.00258346581876	0.0	0.00344168260038	0.000611122428193	0.000723364679136	0.00179856115108
k__Bacteria;p__Firmicutes;c__Clostridia;o__Clostridiales;f__Lachnospiraceae;g__Blautia;s__	0.00342404036763	0.0575620767494	0.0804236955669	0.0253702888987	0.0606753429476	0.105119355766	0.0138438513345	0.0869856887299	0.317119612255	0.0474158368895	0.0488666470415	0.0547648095432	0.128315070669	0.079030703566	0.120977122916	0.114580081174	0.0264208548614	0.249706089819	0.0643143387743	0.135667642423	0.0276162790698	0.030407740152	0.052066772655	0.00113571834185	0.0359464627151	0.088612752088	0.0272811821846	0.0329522096608
k__Bacteria;p__Firmicutes;c__Clostridia;o__Clostridiales;f__Lachnospiraceae;g__Blautia;s__obeum	0.0	0.0	0.000980776775206	0.000733245343892	0.000703482237074	0.01164797239	0.000498877525567	0.00939177101968	0.000865501125151	0.00284495021337	0.000147188695908	0.000813338755592	0.0020644751469	0.00247831474597	0.000775494377666	0.019669060256	0.0	0.00105807665178	0.00175935881146	0.00292726863319	0.00105708245243	0.0	0.000993640699523	0.0	0.0031867431485	0.0	0.0	0.00205549845838
k__Bacteria;p__Firmicutes;c__Clostridia;o__Clostridiales;f__Lachnospiraceae;g__Blautia;s__producta	0.0	0.00451467268623	0.000980776775206	0.000146649068778	0.000351741118537	0.000287604256543	0.00212022948366	0.0147584973166	0.00017310022503	0.000474158368895	0.0	0.000271112918531	0.0	0.0	0.0011632415665	0.00140493287543	0.0	0.000705384434517	0.00048871078096	0.00112587255123	0.000396405919662	0.000691085003455	0.0	0.0	0.00050987890376	0.00376858830719	0.000930040301746	0.000256937307297
k__Bacteria;p__Firmicutes;c__Clostridia;o__Clostridiales;f__Lachnospiraceae;g__Butyrivibrio;s__	0.0	0.0	0.0	0.0	0.0	0.0	0.0	0.0	0.0	0.0	0.0	0.0	0.0	0.0	0.000193873594416	0.0	0.0	0.0	0.0	0.0	0.0	0.0	0.0	0.0	0.00012746972594	0.0	0.0	0.0
k__Bacteria;p__Firmicutes;c__Clostridia;o__Clostridiales;f__Lachnospiraceae;g__Coprococcus;s__	0.00234276446207	0.0270880361174	0.0243232640251	0.0158380994281	0.0193457615195	0.0294794362957	0.00498877525567	0.0545617173524	0.0386013501818	0.0219693377588	0.023991757433	0.0275179612309	0.0395426393521	0.0300151452568	0.0271423032183	0.034030596316	0.0174964772194	0.0293910181049	0.0322549115433	0.0288223373114	0.0158562367865	0.0122667588113	0.0180842607313	0.000189286390309	0.0265137029955	0.0429822774496	0.0200475353932	0.027042651593
k__Bacteria;p__Firmicutes;c__Clostridia;o__Clostridiales;f__Lachnospiraceae;g__Coprococcus;s__catus	0.0	0.0	0.0	0.0	0.000351741118537	0.0	0.0	0.0	0.0	0.0	0.000147188695908	0.0	0.0	0.0	0.0	0.0	0.0	0.00141076886903	0.0	0.000112587255123	0.0	0.0	0.0	0.0	0.00012746972594	0.0	0.0	0.000192702980473
k__Bacteria;p__Firmicutes;c__Clostridia;o__Clostridiales;f__Lachnospiraceae;g__Coprococcus;s__eutactus	0.0	0.0	0.0	0.0	0.0033415406261	0.0	0.0	0.0	0.0	0.000158052789632	0.00529879305269	0.000813338755592	0.0	0.0	0.0011632415665	0.0	0.0	0.000117564072419	0.0	0.0	0.0	0.0	0.0	0.0	0.00012746972594	0.0	0.00413351245221	0.000642343268243
k__Bacteria;p__Firmicutes;c__Clostridia;o__Clostridiales;f__Lachnospiraceae;g__Dorea;s__	0.00360425301856	0.0131677953348	0.0542369556689	0.0095321894706	0.0256771016532	0.0425654299684	0.0959092042903	0.0125223613596	0.022676129479	0.0143828038565	0.00412128348543	0.0111156296598	0.031443544545	0.0304281977144	0.0455602946879	0.017015298158	0.00657585720996	0.0384434516812	0.021894242987	0.0258950686782	0.0155919661734	0.00656530753283	0.0329888712242	0.0	0.00752071383047	0.0294357302913	0.0105404567531	0.0156089414183
k__Bacteria;p__Firmicutes;c__Clostridia;o__Clostridiales;f__Lachnospiraceae;g__Dorea;s__formicigenerans	0.0	0.0	0.000392310710082	0.000293298137557	0.00193457615195	0.000575208513086	0.00199551010227	0.0	0.0140211182275	0.00458353089932	0.00323815130998	0.000406669377796	0.00587581387963	0.0143191518656	0.00213260953858	0.00249765844521	0.0017613903241	0.00305666588291	0.00469162349721	0.00731817158298	0.000264270613108	0.00259156876296	0.0174880763116	0.0	0.00624601657106	0.00468527194948	0.000516689056526	0.0023766700925
k__Bacteria;p__Firmicutes;c__Clostridia;o__Clostridiales;f__Lachnospiraceae;g__Epulopiscium;s__	0.000180212650928	0.00413844996238	0.00235386426049	0.0	0.0	0.000575208513086	0.00361686206036	0.0	0.0	0.0	0.0	0.0	0.0	0.0	0.0	0.000468310958476	0.0	0.0	0.0	0.000112587255123	0.00066067653277	0.0	0.0	0.000946431951543	0.00050987890376	0.00356488083113	0.000103337811305	0.0
k__Bacteria;p__Firmicutes;c__Clostridia;o__Clostridiales;f__Lachnospiraceae;g__Lachnobacterium;s__	0.0	0.0	0.0	0.0	0.000879352796342	0.000143802128271	0.0	0.0	0.0	0.0	0.0113335295849	0.0	0.0	0.0	0.0	0.0	0.0	0.000235128144839	0.0	0.0	0.0	0.0	0.0	0.0	0.0	0.0	0.0	0.000385405960946
k__Bacteria;p__Firmicutes;c__Clostridia;o__Clostridiales;f__Lachnospiraceae;g__Lachnospira;s__	0.0	0.00188111361926	0.00264809729306	0.00381287578824	0.00721069293	0.00488927236123	0.000623596906959	0.00111806797853	0.00813571057642	0.0034771613719	0.00382690609361	0.00759116171886	0.00603461966016	0.00894946991601	0.0122140364482	0.0171714018108	0.0017613903241	0.0132847401834	0.0097742156192	0.0145237559108	0.0017177589852	0.0115756738079	0.00953895071542	0.0	0.0101975780752	0.00987981258912	0.0119871861114	0.0111125385406
k__Bacteria;p__Firmicutes;c__Clostridia;o__Clostridiales;f__Lachnospiraceae;g__Moryella;s__	0.0	0.0	0.0	0.0	0.0	0.0	0.0	0.0	0.00017310022503	0.000316105579263	0.0	0.0	0.0	0.0	0.0	0.0	0.0	0.0	0.0	0.0	0.000396405919662	0.0	0.0	0.0	0.0	0.0	0.0	0.0
k__Bacteria;p__Firmicutes;c__Clostridia;o__Clostridiales;f__Lachnospiraceae;g__Moryella;s__indoligenes	0.0	0.0	0.0	0.0	0.0	0.0	0.0	0.0	0.0	0.0	0.0	0.0	0.0	0.0	0.0	0.0	0.0	0.0	0.0	0.0	0.0	0.0	0.0	0.0	0.00012746972594	0.0	0.0	0.0
k__Bacteria;p__Firmicutes;c__Clostridia;o__Clostridiales;f__Lachnospiraceae;g__Oribacterium;s__	0.0	0.0	0.0	0.0	0.0	0.0	0.0	0.00313059033989	0.0	0.0	0.0	0.000135556459265	0.0	0.0	0.0	0.000468310958476	0.0	0.000235128144839	0.0	0.0	0.0	0.0	0.0	0.0	0.00050987890376	0.0	0.0	0.0
k__Bacteria;p__Firmicutes;c__Clostridia;o__Clostridiales;f__Lachnospiraceae;g__Robinsoniella;s__peoriensis	0.0	0.0	0.0	0.0	0.0	0.0	0.00636068845099	0.0	0.0	0.0	0.0	0.0	0.0	0.0	0.0	0.0	0.0	0.0	0.0	0.0	0.0	0.0	0.0	0.0	0.0	0.0	0.0	0.0
k__Bacteria;p__Firmicutes;c__Clostridia;o__Clostridiales;f__Lachnospiraceae;g__Roseburia;s__	0.000180212650928	0.00376222723853	0.00519811690859	0.00234638510045	0.00527611677805	0.00733390854185	0.00137191319531	0.00357781753131	0.00813571057642	0.000316105579263	0.00809537827495	0.00637115358547	0.0149277433699	0.00798568084813	0.0118262892594	0.0012488292226	0.0132691404415	0.0048201269692	0.00811259896393	0.0131727088494	0.00198202959831	0.00501036627505	0.00457074721781	0.0	0.00790312300829	0.00753717661438	0.015914022941	0.00417523124358
k__Bacteria;p__Firmicutes;c__Clostridia;o__Clostridiales;f__Lachnospiraceae;g__Roseburia;s__faecis	0.0	0.0	0.00500196155355	0.0	0.0130144213859	0.0102099511073	0.0	0.0140876565295	0.000692400900121	0.000474158368895	0.0107447748013	0.00108445167412	0.00428775607432	0.00936252237367	0.0137650252036	0.000156103652825	0.0600046970409	0.000587820362097	0.021405532206	0.0	0.000528541226216	0.00518313752592	0.00218600953895	0.0	0.00344168260038	0.000509268690161	0.000310013433915	0.00404676258993
k__Bacteria;p__Firmicutes;c__Clostridia;o__Clostridiales;f__Lachnospiraceae;g__[Ruminococcus];s__	0.00919084519733	0.00150489089541	0.0480580619851	0.0124651708462	0.00703482237074	0.0050330744895	0.00748316288351	0.00760286225403	0.0195603254284	0.00426742532006	0.00264939652635	0.00650671004473	0.00762267746546	0.0188627288999	0.00504071345483	0.0156103652825	0.00857209957727	0.00728897249001	0.00869905190108	0.0182391353299	0.00449260042283	0.00310988251555	0.00635930047695	0.0	0.0121096239643	0.00763903035241	0.0124005373566	0.0236382322713
k__Bacteria;p__Firmicutes;c__Clostridia;o__Clostridiales;f__Lachnospiraceae;g__[Ruminococcus];s__gnavus	0.00360425301856	0.056057185854	0.0144174185955	0.00674585716381	0.00175870559268	0.00417026171987	0.163257670242	0.0245974955277	0.0148866193526	0.00379326695116	0.00677068001178	0.006642266504	0.0119104335398	0.0136307311029	0.00290810391625	0.00218545113956	0.0218412400188	0.00235128144839	0.0085035675887	0.00236433235758	0.00753171247357	0.00293711126469	0.0268282988871	0.0	0.010579987253	0.0234263597474	0.0020667562261	0.00334018499486
k__Bacteria;p__Firmicutes;c__Clostridia;o__Clostridiales;f__Lachnospiraceae;g__[Ruminococcus];s__torques	0.00216255181114	0.000752445447705	0.00774813652413	0.0	0.0	0.000575208513086	0.000124719381392	0.00805008944544	0.0	0.000790263948159	0.00426847218134	0.0	0.0015880578053	0.00413052457662	0.00659170221016	0.0	0.00528417097229	0.00587820362097	0.00312774899814	0.00270209412295	0.000264270613108	0.00103662750518	0.0443163751987	0.0	0.00140216698534	0.00183336728458	0.00268678309393	0.00109198355601
k__Bacteria;p__Firmicutes;c__Clostridia;o__Clostridiales;f__Peptococcaceae;g__;s__	0.0	0.0	0.0	0.0	0.0	0.0	0.0	0.0	0.0	0.0	0.0	0.0	0.0	0.0	0.0	0.0	0.0	0.0	0.00048871078096	0.0	0.0	0.0	0.0	0.0	0.0	0.0	0.00020667562261	0.000513874614594
k__Bacteria;p__Firmicutes;c__Clostridia;o__Clostridiales;f__Peptococcaceae;g__Desulfosporosinus;s__meridiei	0.0	0.0	0.0	0.0	0.0	0.0	0.0	0.0	0.0	0.000316105579263	0.000147188695908	0.0	0.0	0.0	0.0	0.0	0.0	0.0	0.0	0.0	0.0	0.0	0.0	0.0	0.0	0.0	0.000103337811305	0.0
k__Bacteria;p__Firmicutes;c__Clostridia;o__Clostridiales;f__Peptococcaceae;g__Peptococcus;s__	0.0	0.00188111361926	0.0	0.0	0.0	0.0	0.0	0.0	0.0	0.0	0.00147188695908	0.0	0.0	0.0	0.00155098875533	0.0	0.0	0.0	0.0	0.000112587255123	0.0	0.0	0.0	0.0	0.0	0.0	0.0	0.00141315519013
k__Bacteria;p__Firmicutes;c__Clostridia;o__Clostridiales;f__Peptococcaceae;g__rc4-4;s__	0.0	0.0	0.0	0.0	0.0	0.0	0.0	0.0	0.0	0.0	0.0	0.0	0.0	0.0	0.0	0.0	0.0	0.0	0.0	0.0	0.0	0.0	0.0	0.0	0.0	0.0	0.000620026867831	0.0
k__Bacteria;p__Firmicutes;c__Clostridia;o__Clostridiales;f__Peptostreptococcaceae;g__;s__	0.000540637952784	0.048532731377	0.0	0.0	0.000527611677805	0.00129421915444	0.00486405587428	0.0	0.000865501125151	0.0	0.00132469826317	0.00176223397045	0.0	0.00068842076277	0.0	0.00109272556978	0.000117426021606	0.0	0.000195484312384	0.00236433235758	0.00118921775899	0.0	0.0	0.000189286390309	0.00790312300829	0.0446119372581	0.000310013433915	0.00282631038027
k__Bacteria;p__Firmicutes;c__Clostridia;o__Clostridiales;f__Peptostreptococcaceae;g__Clostridium;s__maritimum	0.0	0.000376222723853	0.0	0.0	0.0	0.0	0.0	0.0	0.0	0.0	0.0	0.0	0.0	0.0	0.0	0.0	0.0	0.0	0.0	0.0	0.0	0.0	0.0	0.0	0.0	0.000101853738032	0.0	0.0
k__Bacteria;p__Firmicutes;c__Clostridia;o__Clostridiales;f__Peptostreptococcaceae;g__Peptostreptococcus;s__	0.0	0.0	0.0	0.0	0.0	0.0	0.0	0.0	0.0	0.0	0.0	0.000135556459265	0.0	0.0	0.0	0.0	0.0	0.0	0.0	0.0	0.000132135306554	0.0	0.0	0.0	0.0	0.0	0.0	0.0
k__Bacteria;p__Firmicutes;c__Clostridia;o__Clostridiales;f__Peptostreptococcaceae;g__[Clostridium];s__difficile	0.0	0.0	0.0	0.0	0.0	0.0	0.00187079072088	0.0	0.0	0.0	0.0	0.0	0.0	0.0	0.0	0.0	0.0	0.0	0.0	0.0	0.0	0.0	0.0	0.0	0.0	0.0	0.0	0.0
k__Bacteria;p__Firmicutes;c__Clostridia;o__Clostridiales;f__Ruminococcaceae;g__;s__	0.119480987565	0.0349887133183	0.15427618674	0.111159994134	0.193985226873	0.165228645384	0.179097031679	0.116726296959	0.140903583175	0.108266160898	0.180894907271	0.221905923817	0.172780689217	0.109183532975	0.152384645211	0.111458008117	0.120009394082	0.203973665648	0.100674420878	0.166629137582	0.176929175476	0.17795438839	0.210453100159	0.015332197615	0.16137667304	0.0685475656957	0.0923840033068	0.22128725591
k__Bacteria;p__Firmicutes;c__Clostridia;o__Clostridiales;f__Ruminococcaceae;g__Anaerofilum;s__	0.0	0.0	0.0	0.0	0.0	0.0	0.0	0.000223613595707	0.0	0.0	0.0	0.0	0.00015880578053	0.0	0.0	0.0	0.0	0.0	9.7742156192e-05	0.0	0.0	0.0	0.000198728139905	0.0	0.00025493945188	0.000305561214097	0.0	6.42343268243e-05
k__Bacteria;p__Firmicutes;c__Clostridia;o__Clostridiales;f__Ruminococcaceae;g__Anaerotruncus;s__	0.000180212650928	0.000376222723853	0.000980776775206	0.000439947206335	0.000175870559268	0.0	0.0	0.000447227191413	0.0	0.0	0.000147188695908	0.000271112918531	0.0	0.0	0.000193873594416	0.0	0.0	0.000352692217258	0.00371420193529	0.0	0.00105708245243	0.0	0.000397456279809	0.0	0.0	0.000203707476064	0.00020667562261	0.000128468653649
k__Bacteria;p__Firmicutes;c__Clostridia;o__Clostridiales;f__Ruminococcaceae;g__Butyricicoccus;s__pullicaecorum	0.0	0.0	0.0	0.0	0.0	0.0	0.0	0.0	0.0	0.0	0.0	0.0	0.0	0.0	0.000193873594416	0.0	0.0	0.0	0.0	0.0	0.0	0.0	0.0	0.0	0.0	0.0	0.0	0.0
k__Bacteria;p__Firmicutes;c__Clostridia;o__Clostridiales;f__Ruminococcaceae;g__Clostridium;s__methylpentosum	0.0	0.0	0.0	0.000146649068778	0.0	0.0	0.0	0.0	0.0	0.0	0.0	0.0	0.0	0.0	0.000193873594416	0.0	0.0	0.0	0.0	0.0	0.0	0.0	0.0	0.0	0.0	0.0	0.0	0.0
k__Bacteria;p__Firmicutes;c__Clostridia;o__Clostridiales;f__Ruminococcaceae;g__Faecalibacterium;s__	0.0	0.0	0.0	0.0	0.0	0.0	0.0	0.0	0.0	0.0	0.0	0.0	0.0	0.0	0.0	0.0	0.0	0.0	0.0	0.0	0.0	0.0	0.0	0.0	0.00012746972594	0.0	0.0	0.0
k__Bacteria;p__Firmicutes;c__Clostridia;o__Clostridiales;f__Ruminococcaceae;g__Faecalibacterium;s__prausnitzii	0.0	0.0	0.0244213417026	0.0137850124652	0.031480830109	0.0569456427955	0.0029932651534	0.00134168157424	0.0347931452311	0.0118539592224	0.022372681778	0.0276535176901	0.0431951723043	0.0218917802561	0.0104691740985	0.0309085232594	0.0129168623767	0.0584293439925	0.0190597204574	0.0439090294979	0.0128171247357	0.0407740152039	0.0174880763116	0.000189286390309	0.0783938814532	0.00641678549603	0.0152939960732	0.0402749229188
k__Bacteria;p__Firmicutes;c__Clostridia;o__Clostridiales;f__Ruminococcaceae;g__Oscillospira;s__	0.00324382771671	0.0	0.00921930168694	0.00263968323801	0.00298979950756	0.000431406384814	0.000498877525567	0.0134168157424	0.00103860135018	0.00142247510669	0.00485722696497	0.00596448420767	0.00238208670796	0.00550736610216	0.00639782861574	0.00234155479238	0.0132691404415	0.00305666588291	0.0131951910859	0.00506642648052	0.0112315010571	0.00863856254319	0.00755166931638	0.000189286390309	0.00560866794136	0.00896312894683	0.0335847886742	0.00809352517986
k__Bacteria;p__Firmicutes;c__Clostridia;o__Clostridiales;f__Ruminococcaceae;g__Ruminococcus;s__	0.00684808073527	0.00489089541008	0.0164770498235	0.0293298137557	0.0174111853676	0.0122231809031	0.00361686206036	0.00491949910555	0.0119439155271	0.010747589695	0.0392993818075	0.0188423478379	0.00905192949023	0.0236816742393	0.156068243505	0.00530752419607	0.0342883983091	0.0125793557489	0.0504349525951	0.0242062598514	0.0219344608879	0.0145127850726	0.0290143084261	0.0196857845921	0.0480560866794	0.0112039111835	0.0396817195412	0.0238309352518
k__Bacteria;p__Firmicutes;c__Clostridia;o__Clostridiales;f__Ruminococcaceae;g__Ruminococcus;s__bromii	0.0	0.0	0.0	0.000733245343892	0.000703482237074	0.00158182341099	0.0	0.0	0.00017310022503	0.000158052789632	0.0	0.0	0.0	0.0	0.00407134548275	0.0	0.00234852043213	0.0	0.00107516371811	0.000225174510245	0.00158562367865	0.0	0.000397456279809	0.0	0.0012746972594	0.0	0.000103337811305	0.00044964028777
k__Bacteria;p__Firmicutes;c__Clostridia;o__Clostridiales;f__Ruminococcaceae;g__Ruminococcus;s__callidus	0.0	0.0	0.0	0.0	0.0	0.0	0.0	0.0	0.0	0.0	0.000294377391816	0.0	0.0	0.00165220983065	0.00290810391625	0.0	0.00140911225928	0.0	0.0	0.000337761765368	0.000132135306554	0.0	0.0	0.0	0.0006373486297	0.0	0.0	6.42343268243e-05
k__Bacteria;p__Firmicutes;c__Clostridia;o__Clostridiales;f__Ruminococcaceae;g__Ruminococcus;s__flavefaciens	0.0	0.0	0.0	0.0	0.0	0.0	0.0	0.0	0.0	0.000158052789632	0.0	0.0	0.0	0.0	0.000581620783249	0.0	0.0	0.0	0.0	0.0	0.000396405919662	0.0	0.00119236883943	0.0	0.0	0.0	0.00020667562261	0.00044964028777
k__Bacteria;p__Firmicutes;c__Clostridia;o__Clostridiales;f__Veillonellaceae;g__;s__	0.0	0.0	0.0	0.00131984161901	0.000703482237074	0.0	0.0	0.0	0.000692400900121	0.000316105579263	0.000441566087724	0.000135556459265	0.000317611561061	0.00151452567809	0.000193873594416	0.00265376209803	0.000117426021606	0.000705384434517	0.00254129606099	0.000450349020491	0.0	0.000518313752592	0.00158982511924	0.0	0.0006373486297	0.000203707476064	0.00103337811305	0.000128468653649
k__Bacteria;p__Firmicutes;c__Clostridia;o__Clostridiales;f__Veillonellaceae;g__Acidaminococcus;s__	0.00144170120742	0.0	0.0	0.0	0.0	0.0	0.0	0.0	0.0	0.0	0.000441566087724	0.0	0.0	0.0	0.0	0.000156103652825	0.0	0.0	0.0	0.0	0.000132135306554	0.0	0.000198728139905	0.0	0.0	0.0	0.000723364679136	0.0
k__Bacteria;p__Firmicutes;c__Clostridia;o__Clostridiales;f__Veillonellaceae;g__Dialister;s__	0.00594701748063	0.0	0.000392310710082	0.000146649068778	0.000703482237074	0.000575208513086	0.000498877525567	0.000223613595707	0.0	0.000316105579263	0.000735943479541	0.0	0.00397014451326	0.0104639955941	0.00193873594416	0.000156103652825	0.135274776891	0.000705384434517	0.0	0.000112587255123	0.0155919661734	0.0	0.0381558028617	0.000189286390309	0.0	0.000203707476064	0.000103337811305	0.00122045220966
k__Bacteria;p__Firmicutes;c__Clostridia;o__Clostridiales;f__Veillonellaceae;g__Megamonas;s__	0.0	0.0	0.0	0.0	0.0	0.0	0.0	0.0	0.0	0.0	0.0	0.0	0.0	0.0	0.0	0.00593193880737	0.0	0.0	0.0	0.0	0.0	0.0	0.0	0.0	0.0	0.0	0.0	0.0
k__Bacteria;p__Firmicutes;c__Clostridia;o__Clostridiales;f__Veillonellaceae;g__Megasphaera;s__	0.00108127590557	0.0	0.0	0.0	0.0	0.0	0.0	0.0	0.0	0.0	0.0	0.0	0.000317611561061	0.000137684152554	0.0	0.0	0.0	0.0	0.0	0.0	0.0	0.0	0.000198728139905	0.00851788756388	0.0	0.0	0.0	0.0
k__Bacteria;p__Firmicutes;c__Clostridia;o__Clostridiales;f__Veillonellaceae;g__Mitsuokella;s__	0.0	0.0	0.0	0.0	0.0	0.0	0.0	0.0	0.0	0.0	0.000147188695908	0.0	0.0	0.0	0.0	0.0	0.0	0.0	0.0	0.0	0.0	0.0	0.000198728139905	0.0	0.0	0.0	0.000620026867831	0.0
k__Bacteria;p__Firmicutes;c__Clostridia;o__Clostridiales;f__Veillonellaceae;g__Mitsuokella;s__multacida	0.0	0.0	0.0	0.0	0.0	0.0	0.0	0.0	0.0	0.0	0.00132469826317	0.0	0.0	0.0	0.0	0.0	0.0	0.0	0.0	0.0	0.0	0.0	0.000596184419714	0.0	0.0	0.0	0.000413351245221	0.0
k__Bacteria;p__Firmicutes;c__Clostridia;o__Clostridiales;f__Veillonellaceae;g__Phascolarctobacterium;s__	0.0	0.0	0.00264809729306	0.00102654348145	0.0100246218783	0.0	0.0	0.00894454382826	0.00259650337545	0.000158052789632	0.00677068001178	0.0187067913786	0.0	0.000550736610216	0.0	0.00561973150172	0.0	0.000235128144839	0.00449613918483	0.000675523530736	0.0	0.0158949550795	0.000198728139905	0.0	0.00178457616316	0.0025463434508	0.0215976025628	0.00629496402878
k__Bacteria;p__Firmicutes;c__Clostridia;o__Clostridiales;f__Veillonellaceae;g__Succiniclasticum;s__	0.0	0.0	0.0	0.0	0.0	0.0	0.0	0.0	0.0	0.0	0.0	0.0	0.0	0.0	0.000193873594416	0.0	0.0	0.0	0.0	0.0	0.0	0.0	0.0	0.0	0.0	0.0	0.0	0.000192702980473
k__Bacteria;p__Firmicutes;c__Clostridia;o__Clostridiales;f__Veillonellaceae;g__Veillonella;s__	0.000540637952784	0.00112866817156	0.0	0.0	0.0	0.0	0.0	0.0	0.0	0.0	0.0	0.0	0.0	0.0	0.0	0.0	0.000117426021606	0.0	0.0	0.0	0.0	0.0	0.0	0.0	0.0	0.0	0.0	0.0
k__Bacteria;p__Firmicutes;c__Clostridia;o__Clostridiales;f__Veillonellaceae;g__Veillonella;s__dispar	0.00594701748063	0.000376222723853	0.0	0.000146649068778	0.0	0.0	0.000873035669743	0.0	0.0	0.0	0.0	0.0	0.0	0.0	0.0	0.0	0.000704556129638	0.0	0.0	0.0	0.0	0.0	0.0	0.00132500473216	0.0	0.0	0.000103337811305	0.0
k__Bacteria;p__Firmicutes;c__Clostridia;o__Clostridiales;f__Veillonellaceae;g__Veillonella;s__parvula	0.00288340241485	0.000752445447705	0.0	0.0	0.0	0.0	0.000748316288351	0.0	0.0	0.0	0.0	0.0	0.0	0.0	0.0	0.0	0.000704556129638	0.0	0.0	0.0	0.0	0.0	0.0	0.0043535869771	0.0	0.000101853738032	0.000103337811305	0.0
k__Bacteria;p__Firmicutes;c__Clostridia;o__Clostridiales;f__[Acidaminobacteraceae];g__;s__	0.0	0.0	0.0	0.0	0.0	0.0	0.0	0.0	0.0	0.0	0.0	0.000135556459265	0.0	0.0	0.0	0.0	0.0	0.0	0.0	0.0	0.000132135306554	0.0	0.0	0.0	0.0	0.0	0.0	0.0
k__Bacteria;p__Firmicutes;c__Clostridia;o__Clostridiales;f__[Mogibacteriaceae];g__;s__	0.000180212650928	0.00300978179082	0.0153981953707	0.00674585716381	0.00809004572635	0.00115041702617	0.0	0.0143112701252	0.00190410247533	0.00758653390232	0.00824256697086	0.00176223397045	0.0088931237097	0.0112901005094	0.002326483133	0.0012488292226	0.00223109441052	0.00164589701387	0.00195484312384	0.00371537941905	0.00647463002114	0.00276434001382	0.00973767885533	0.000189286390309	0.0121096239643	0.0144632308006	0.00465020150873	0.00616649537513
k__Bacteria;p__Firmicutes;c__Clostridia;o__Clostridiales;f__[Mogibacteriaceae];g__Anaerovorax;s__	0.0	0.0	0.0	0.0	0.0	0.0	0.0	0.0	0.0	0.0	0.0	0.0	0.0	0.0	0.0	0.0	0.0	0.0	0.0	0.0	0.0	0.0	0.0	0.0	0.0	0.0	0.0	0.000385405960946
k__Bacteria;p__Firmicutes;c__Clostridia;o__Clostridiales;f__[Mogibacteriaceae];g__Mogibacterium;s__	0.0	0.000376222723853	0.0	0.0	0.0	0.0	0.0	0.00268336314848	0.000692400900121	0.000316105579263	0.00264939652635	0.000271112918531	0.0	0.00068842076277	0.000193873594416	0.00171714018108	0.000939408172851	0.000587820362097	0.0	0.00168880882684	0.00303911205074	0.000518313752592	0.000198728139905	0.00265000946432	0.000764818355641	0.0	0.0	0.000192702980473
k__Bacteria;p__Firmicutes;c__Clostridia;o__Clostridiales;f__[Tissierellaceae];g__1-68;s__	0.0	0.0	0.0	0.0	0.0	0.000431406384814	0.0	0.0	0.0	0.0	0.0	0.0	0.0	0.0	0.0	0.0	0.0	0.0	0.0	0.0	0.0	0.0	0.0	0.000378572780617	0.0	0.0	0.0	0.0
k__Bacteria;p__Firmicutes;c__Clostridia;o__Clostridiales;f__[Tissierellaceae];g__Anaerococcus;s__	0.0	0.0654627539503	0.0	0.0	0.0	0.0010066148979	0.0	0.0	0.0	0.0	0.0	0.0	0.0	0.0	0.0	0.0	0.000117426021606	0.0	0.0	0.0	0.0	0.0	0.0	0.000378572780617	0.0	0.000101853738032	0.0	0.0
k__Bacteria;p__Firmicutes;c__Clostridia;o__Clostridiales;f__[Tissierellaceae];g__Finegoldia;s__	0.0	0.00902934537246	0.0	0.0	0.0	0.000287604256543	0.0	0.0	0.0	0.0	0.000147188695908	0.0	0.0	0.0	0.0	0.0	0.0	0.0	0.0	0.0	0.0	0.0	0.0	0.000189286390309	0.0	0.0	0.0	0.0
k__Bacteria;p__Firmicutes;c__Clostridia;o__Clostridiales;f__[Tissierellaceae];g__Parvimonas;s__	0.0	0.0	0.0	0.0	0.0	0.0	0.0	0.0	0.00017310022503	0.0	0.0	0.0	0.0	0.0	0.0	0.000624414611302	0.0	0.0	0.0	0.0	0.000264270613108	0.0	0.0	0.0	0.00012746972594	0.0	0.0	0.0
k__Bacteria;p__Firmicutes;c__Clostridia;o__Clostridiales;f__[Tissierellaceae];g__Peptoniphilus;s__	0.0	0.0323551542513	0.0	0.0	0.0	0.00115041702617	0.000124719381392	0.0	0.0	0.0	0.0	0.0	0.0	0.0	0.0	0.0	0.000117426021606	0.000117564072419	0.0	0.0	0.0	0.0	0.000596184419714	0.00302858224494	0.0	0.0	0.0	0.0
k__Bacteria;p__Firmicutes;c__Clostridia;o__Clostridiales;f__[Tissierellaceae];g__WAL_1855D;s__	0.0	0.0	0.0	0.0	0.0	0.0	0.0	0.0	0.0	0.0	0.0	0.0	0.0	0.0	0.0	0.0	0.0	0.000117564072419	0.0	0.0	0.0	0.0	0.000596184419714	0.0	0.00038240917782	0.000101853738032	0.000103337811305	0.0
k__Bacteria;p__Firmicutes;c__Clostridia;o__Clostridiales;f__[Tissierellaceae];g__ph2;s__	0.0	0.00413844996238	0.0	0.0	0.0	0.000287604256543	0.000124719381392	0.0	0.0	0.0	0.0	0.0	0.0	0.0	0.0	0.0	0.0	0.0	0.0	0.0	0.0	0.000172771250864	0.000198728139905	0.0	0.0	0.000509268690161	0.0	0.0
k__Bacteria;p__Firmicutes;c__Clostridia;o__Natranaerobiales;f__Anaerobrancaceae;g__;s__	0.0	0.0	0.0	0.0	0.0	0.0	0.0	0.0	0.0	0.0	0.0	0.0	0.0	0.0	0.0	0.0	0.0	0.0	0.0	0.0	0.0	0.0	0.0	0.0	0.0	0.0	0.000103337811305	6.42343268243e-05
k__Bacteria;p__Firmicutes;c__Clostridia;o__SHA-98;f__;g__;s__	0.0	0.0	0.0	0.0	0.0	0.0	0.0	0.0	0.0	0.0	0.0	0.0	0.0	0.0	0.0	0.0	0.0	0.0	9.7742156192e-05	0.0	0.0	0.0	0.0	0.0	0.0	0.0	0.00020667562261	6.42343268243e-05
k__Bacteria;p__Firmicutes;c__Erysipelotrichi;o__Erysipelotrichales;f__Erysipelotrichaceae;g__;s__	0.000360425301856	0.0391271632807	0.000588466065124	0.00117319255023	0.000351741118537	0.00244463618062	0.0150910451484	0.0	0.00138480180024	0.00331910858227	0.000147188695908	0.0	0.0020644751469	0.00316673550874	0.0011632415665	0.00156103652825	0.000821982151245	0.00493769104162	0.000390968624768	0.000225174510245	0.00356765327696	0.00138217000691	0.0	0.10429680106	0.00050987890376	0.00203707476064	0.00268678309393	0.000513874614594
k__Bacteria;p__Firmicutes;c__Erysipelotrichi;o__Erysipelotrichales;f__Erysipelotrichaceae;g__Bulleidia;s__	0.0	0.0	0.0	0.0	0.0	0.0	0.0	0.0	0.0	0.000316105579263	0.000735943479541	0.0	0.0	0.0	0.0	0.0	0.0	0.0	0.0	0.0	0.0	0.0	0.000198728139905	0.0	0.0	0.0	0.0	0.0
k__Bacteria;p__Firmicutes;c__Erysipelotrichi;o__Erysipelotrichales;f__Erysipelotrichaceae;g__Bulleidia;s__moorei	0.0	0.0	0.0	0.0	0.0	0.0	0.0	0.0	0.0	0.0	0.0	0.0	0.0	0.0	0.0	0.0	0.000117426021606	0.000235128144839	0.0	0.0	0.000264270613108	0.0	0.0	0.0	0.00038240917782	0.0	0.0	0.0
k__Bacteria;p__Firmicutes;c__Erysipelotrichi;o__Erysipelotrichales;f__Erysipelotrichaceae;g__Catenibacterium;s__	0.0	0.0	0.0	0.0101187857457	0.0	0.000143802128271	0.0	0.0	0.0	0.0	0.0	0.0	0.0	0.0	0.0	0.0	0.0	0.0	0.0	0.0	0.0	0.0	0.00635930047695	0.0	0.0	0.0	0.0	0.00603802672148
k__Bacteria;p__Firmicutes;c__Erysipelotrichi;o__Erysipelotrichales;f__Erysipelotrichaceae;g__Catenibacterium;s__mitsuokai	0.0	0.0	0.0	0.000733245343892	0.0	0.0	0.0	0.0	0.0	0.0	0.0	0.0	0.0	0.0	0.0	0.0	0.0	0.0	0.0	0.0	0.0	0.0	0.000198728139905	0.0	0.0	0.0	0.0	0.000513874614594
k__Bacteria;p__Firmicutes;c__Erysipelotrichi;o__Erysipelotrichales;f__Erysipelotrichaceae;g__Clostridium;s__saccharogumia	0.0	0.0	0.0	0.0	0.0	0.0	0.0	0.0	0.0	0.0	0.0	0.000406669377796	0.0	0.0	0.0	0.0	0.0	0.0	0.0	0.0	0.0	0.0	0.0	0.0	0.0	0.0	0.0	0.0
k__Bacteria;p__Firmicutes;c__Erysipelotrichi;o__Erysipelotrichales;f__Erysipelotrichaceae;g__Coprobacillus;s__	0.0	0.0	9.80776775206e-05	0.000146649068778	0.0	0.0	0.0	0.0	0.00017310022503	0.0	0.0	0.0	0.0	0.000275368305108	0.0	0.0	0.00129168623767	0.000117564072419	0.0	0.0	0.0	0.0	0.0	0.0	0.0	0.0	0.000103337811305	0.0
k__Bacteria;p__Firmicutes;c__Erysipelotrichi;o__Erysipelotrichales;f__Erysipelotrichaceae;g__Coprobacillus;s__cateniformis	0.0	0.0	0.0	0.0	0.0	0.0	0.0	0.0	0.0	0.000158052789632	0.0	0.000135556459265	0.0	0.00068842076277	0.0	0.0	0.0	0.0	0.0	0.0	0.0	0.0	0.0	0.0	0.0	0.0	0.00020667562261	0.0
k__Bacteria;p__Firmicutes;c__Erysipelotrichi;o__Erysipelotrichales;f__Erysipelotrichaceae;g__Holdemania;s__	0.0	0.0	0.000294233032562	0.000586596275114	0.0	0.0	0.0	0.000223613595707	0.0	0.000158052789632	0.000147188695908	0.0	0.00015880578053	0.0	0.000193873594416	0.0	0.0	0.000117564072419	9.7742156192e-05	0.0	0.0	0.0	0.000198728139905	0.0	0.00012746972594	0.0	0.00020667562261	0.0
k__Bacteria;p__Firmicutes;c__Erysipelotrichi;o__Erysipelotrichales;f__Erysipelotrichaceae;g__[Eubacterium];s__	0.0	0.0	0.0	0.0	0.0	0.0	0.0	0.0	0.00017310022503	0.0	0.0	0.0	0.0	0.0	0.0	0.0	0.0	0.0	0.0	0.0	0.0	0.0	0.0	0.0	0.0006373486297	0.000712976166225	0.000103337811305	0.0
k__Bacteria;p__Firmicutes;c__Erysipelotrichi;o__Erysipelotrichales;f__Erysipelotrichaceae;g__[Eubacterium];s__biforme	0.0	0.0	0.0	0.0	0.00105522335561	0.0	0.0	0.0	0.0	0.0161213845424	0.00529879305269	0.0	0.0	0.0	0.0	0.0	0.0	0.0	0.0	0.0	0.0	0.0	0.00953895071542	0.0	0.0	0.0	0.0	0.0018627954779
k__Bacteria;p__Firmicutes;c__Erysipelotrichi;o__Erysipelotrichales;f__Erysipelotrichaceae;g__[Eubacterium];s__cylindroides	0.0	0.0	0.0	0.0	0.0	0.0	0.0	0.0	0.0	0.000474158368895	0.000147188695908	0.0	0.0	0.0	0.0	0.0	0.0	0.0	0.0	0.0	0.0	0.0	0.000596184419714	0.0	0.0	0.0	0.0	0.0
k__Bacteria;p__Firmicutes;c__Erysipelotrichi;o__Erysipelotrichales;f__Erysipelotrichaceae;g__[Eubacterium];s__dolichum	0.000360425301856	0.000376222723853	0.0	0.000146649068778	0.0	0.0	0.00137191319531	0.000223613595707	0.000346200450061	0.0	0.0	0.000271112918531	0.0	0.0	0.0	0.0	0.000939408172851	0.0	0.0	0.0	0.00145348837209	0.0	0.0	0.0246072307401	0.0	0.000305561214097	0.0	0.000256937307297
k__Bacteria;p__Firmicutes;c__Erysipelotrichi;o__Erysipelotrichales;f__Erysipelotrichaceae;g__p-75-a5;s__	0.0	0.0	0.0	0.0	0.0	0.0	0.0	0.0	0.0	0.00126442231705	0.0	0.0	0.0	0.0	0.0	0.0	0.0	0.0	0.0	0.0	0.0	0.0	0.0	0.0	0.0	0.0	0.0	0.0
k__Bacteria;p__Fusobacteria;c__Fusobacteriia;o__Fusobacteriales;f__Fusobacteriaceae;g__Fusobacterium;s__	0.0	0.0	0.0	0.0	0.0	0.0	0.0	0.0	0.0	0.0	0.0	0.0	0.0	0.000137684152554	0.0	0.0	0.0	0.0	0.0	0.0	0.0	0.0	0.0	0.0187393526405	0.0	0.0	0.0	0.0
k__Bacteria;p__Proteobacteria;c__Alphaproteobacteria;o__;f__;g__;s__	0.0	0.0	0.0	0.0	0.0	0.0	0.0	0.0	0.0	0.0	0.0	0.0	0.0	0.0	0.0	0.0	0.0	0.0	0.0	0.0	0.0	0.0	0.000198728139905	0.0	0.0	0.0	0.0	0.0
k__Bacteria;p__Proteobacteria;c__Alphaproteobacteria;o__RF32;f__;g__;s__	0.0	0.0	0.00843468026677	0.0	0.0	0.0	0.0	0.000223613595707	0.0	0.0	0.0	0.0	0.0	0.0	0.0	0.0	0.0	0.000235128144839	0.000586452937152	0.0	0.0	0.0	0.0	0.0	0.00038240917782	0.0	0.0059935930557	0.0
k__Bacteria;p__Proteobacteria;c__Alphaproteobacteria;o__Rickettsiales;f__mitochondria;g__Aristolochia;s__macrophylla	0.0	0.0	0.0	0.0	0.0	0.0	0.0	0.0	0.0	0.0	0.0	0.0	0.0	0.0	0.0	0.0	0.0	0.0	0.0	0.0	0.0	0.0	0.0	0.000189286390309	0.0	0.0	0.0	0.0
k__Bacteria;p__Proteobacteria;c__Alphaproteobacteria;o__Rickettsiales;f__mitochondria;g__Lardizabala;s__biternata	0.0	0.0	0.0	0.0	0.0	0.0	0.0	0.0	0.0	0.0	0.0	0.0	0.0	0.0	0.0	0.0	0.0	0.0	0.0	0.0	0.0	0.0	0.0	0.0	0.00012746972594	0.0	0.0	0.0
k__Bacteria;p__Proteobacteria;c__Alphaproteobacteria;o__Rickettsiales;f__mitochondria;g__Lupinus;s__luteus	0.0	0.0	0.0	0.0	0.0	0.0	0.0	0.0	0.0	0.0	0.0	0.0	0.0	0.0	0.0	0.0	0.0	0.0	0.0	0.0	0.0	0.0	0.0	0.000378572780617	0.0	0.0	0.0	0.0
k__Bacteria;p__Proteobacteria;c__Betaproteobacteria;o__Burkholderiales;f__;g__;s__	0.0	0.0	0.0	0.0	0.0	0.0	0.0	0.0	0.0	0.0	0.0	0.0	0.0	0.0	0.0	0.0	0.0	0.0	0.0	0.0	0.0	0.0	0.0	0.0	0.0	0.0	0.0	6.42343268243e-05
k__Bacteria;p__Proteobacteria;c__Betaproteobacteria;o__Burkholderiales;f__Alcaligenaceae;g__Sutterella;s__	0.0	0.000376222723853	9.80776775206e-05	0.000146649068778	0.00263805838903	0.0	0.0	0.00201252236136	0.0	0.000158052789632	0.000147188695908	0.0	0.000635223122122	0.00357978796641	0.0	0.0	0.0179661813058	0.000470256289678	0.00518033427817	0.000225174510245	0.000528541226216	0.00120939875605	0.0	0.0	0.0006373486297	0.0	0.0277978712411	0.000256937307297
k__Bacteria;p__Proteobacteria;c__Betaproteobacteria;o__Burkholderiales;f__Comamonadaceae;g__;s__	0.0	0.0	0.0	0.0	0.0	0.0	0.0	0.0	0.0	0.0	0.0	0.0	0.0	0.0	0.0	0.0	0.000117426021606	0.0	0.0	0.0	0.0	0.0	0.0	0.0	0.0	0.0	0.0	0.0
k__Bacteria;p__Proteobacteria;c__Betaproteobacteria;o__Burkholderiales;f__Comamonadaceae;g__Delftia;s__	0.0	0.0	0.0	0.0	0.0	0.0	0.0	0.0	0.00017310022503	0.0	0.0	0.0	0.0	0.0	0.0	0.0	0.0	0.0	0.0	0.0	0.0	0.0	0.0	0.0	0.0	0.0	0.0	0.0
k__Bacteria;p__Proteobacteria;c__Betaproteobacteria;o__Burkholderiales;f__Oxalobacteraceae;g__;s__	0.0	0.0	0.0	0.0	0.0	0.0	0.000249438762784	0.000223613595707	0.0	0.0	0.0	0.000271112918531	0.00015880578053	0.0	0.0	0.000156103652825	0.0	0.000235128144839	0.0	0.0	0.0	0.0	0.0	0.0	0.0	0.0	0.000103337811305	0.0
k__Bacteria;p__Proteobacteria;c__Betaproteobacteria;o__Burkholderiales;f__Oxalobacteraceae;g__Cupriavidus;s__	0.0	0.0	0.0	0.0	0.0	0.0	0.0	0.0	0.00017310022503	0.0	0.0	0.0	0.0	0.0	0.0	0.0	0.0	0.0	0.0	0.0	0.0	0.0	0.0	0.0	0.0	0.0	0.0	0.0
k__Bacteria;p__Proteobacteria;c__Betaproteobacteria;o__Burkholderiales;f__Oxalobacteraceae;g__Oxalobacter;s__formigenes	0.0	0.0	0.0	0.0	0.000351741118537	0.0	0.0	0.0	0.0	0.0	0.0	0.000813338755592	0.0	0.0	0.0	0.0	0.000234852043213	0.0	0.000390968624768	0.0	0.0	0.0	0.000397456279809	0.0	0.0	0.0	0.000413351245221	0.000128468653649
k__Bacteria;p__Proteobacteria;c__Betaproteobacteria;o__Burkholderiales;f__Oxalobacteraceae;g__Ralstonia;s__	0.0	0.0	0.0	0.0	0.000175870559268	0.0	0.0	0.0	0.0	0.0	0.0	0.0	0.0	0.0	0.0	0.0	0.0	0.0	0.0	0.0	0.0	0.0	0.0	0.0	0.0	0.000101853738032	0.0	0.0
k__Bacteria;p__Proteobacteria;c__Deltaproteobacteria;o__Desulfovibrionales;f__Desulfovibrionaceae;g__;s__	0.0	0.0	0.0	0.0	0.000527611677805	0.0	0.0	0.0	0.0	0.0	0.000147188695908	0.000135556459265	0.0	0.0	0.0	0.0	0.0	0.0	0.0011729058743	0.0	0.0	0.0	0.0	0.0	0.0	0.0	0.00020667562261	0.0
k__Bacteria;p__Proteobacteria;c__Deltaproteobacteria;o__Desulfovibrionales;f__Desulfovibrionaceae;g__Bilophila;s__	0.0	0.0	0.0	0.0	0.000351741118537	0.0	0.0	0.000223613595707	0.0	0.0	0.0	0.0	0.00015880578053	0.0017898939832	0.000387747188833	0.0	0.00669328323156	0.0	0.00342097546672	0.0	0.000528541226216	0.000345542501728	0.000397456279809	0.00170357751278	0.0	0.0	0.00186008060349	0.0
k__Bacteria;p__Proteobacteria;c__Deltaproteobacteria;o__Desulfovibrionales;f__Desulfovibrionaceae;g__Desulfovibrio;s__	0.0	0.0	0.0	0.0	0.000879352796342	0.0	0.0	0.00067084078712	0.0	0.0	0.000883132175449	0.0	0.0	0.0	0.0	0.0	0.0	0.0	0.0	0.0	0.0	0.00120939875605	0.000397456279809	0.0	0.00050987890376	0.0	0.00217009403741	0.000513874614594
k__Bacteria;p__Proteobacteria;c__Deltaproteobacteria;o__Desulfovibrionales;f__Desulfovibrionaceae;g__Desulfovibrio;s__D168	0.0	0.0	0.0	0.0	0.0	0.0	0.0	0.0	0.0	0.0	0.0	0.0	0.0	0.0	0.0	0.0	0.0	0.00246884552081	0.0	0.00236433235758	0.0	0.0	0.00278219395866	0.0	0.00152963671128	0.000203707476064	0.0	0.0
k__Bacteria;p__Proteobacteria;c__Deltaproteobacteria;o__Myxococcales;f__Polyangiaceae;g__;s__	0.0	0.0	0.0	0.0	0.0	0.0	0.0	0.0	0.0	0.000158052789632	0.0	0.0	0.0	0.0	0.0	0.0	0.0	0.0	0.0	0.0	0.0	0.0	0.0	0.0	0.0	0.0	0.0	0.0
k__Bacteria;p__Proteobacteria;c__Epsilonproteobacteria;o__Campylobacterales;f__Campylobacteraceae;g__Campylobacter;s__	0.0045053162732	0.0	0.0	0.0	0.0	0.0	0.0	0.0	0.0	0.0	0.0	0.0	0.0	0.0	0.0	0.0	0.0	0.0	0.0	0.0	0.0	0.0	0.0	0.0	0.0	0.0	0.0	0.0
k__Bacteria;p__Proteobacteria;c__Gammaproteobacteria;o__Aeromonadales;f__;g__;s__	0.0	0.0	0.0	0.0	0.0	0.0	0.000374158144176	0.0	0.0	0.0	0.0	0.0	0.0	0.0	0.0	0.0	0.0	0.0	0.0	0.0	0.0	0.0	0.0	0.00113571834185	0.0	0.0	0.0	0.0
k__Bacteria;p__Proteobacteria;c__Gammaproteobacteria;o__Aeromonadales;f__Aeromonadaceae;g__;s__	0.0	0.0	0.0	0.0	0.0	0.0	0.000249438762784	0.0	0.0	0.000158052789632	0.0	0.0	0.0	0.0	0.0	0.0	0.0	0.0	0.0	0.0	0.0	0.0	0.0	0.0	0.0	0.0	0.0	0.0
k__Bacteria;p__Proteobacteria;c__Gammaproteobacteria;o__Aeromonadales;f__Succinivibrionaceae;g__Succinivibrio;s__	0.0	0.0	0.0	0.0	0.0	0.0	0.0	0.0	0.0	0.0	0.0	0.0	0.0	0.0	0.0	0.0	0.0	0.0	0.0	0.0	0.0	0.0	0.004173290938	0.0	0.0	0.0	0.0	0.0
k__Bacteria;p__Proteobacteria;c__Gammaproteobacteria;o__Enterobacteriales;f__Enterobacteriaceae;g__;s__	0.00486574157506	0.0199398043642	0.00529619458611	0.00366622671946	0.0	0.000862812769629	0.185831878274	0.024373881932	0.00017310022503	0.120752331279	0.000147188695908	0.000135556459265	0.0123868508814	0.0050943136445	0.00368359829391	0.000936621916953	0.00270079849695	0.000352692217258	0.0	0.00720558432785	0.14878435518	0.00984796129924	0.0158982511924	0.512398258565	0.0006373486297	0.000101853738032	0.000930040301746	0.000770811921891
k__Bacteria;p__Proteobacteria;c__Gammaproteobacteria;o__Enterobacteriales;f__Enterobacteriaceae;g__Citrobacter;s__	0.0	0.0	0.0	0.0	0.0	0.0	0.000249438762784	0.0	0.0	0.000158052789632	0.0	0.0	0.0	0.0	0.0	0.0	0.0	0.0	0.0	0.0	0.0	0.0	0.0	0.00548930531895	0.0	0.0	0.0	0.0
k__Bacteria;p__Proteobacteria;c__Gammaproteobacteria;o__Enterobacteriales;f__Enterobacteriaceae;g__Cronobacter;s__dublinensis	0.0	0.0	0.0	0.0	0.0	0.0	0.0	0.0	0.0	0.0	0.0	0.0	0.0	0.0	0.0	0.0	0.0	0.0	0.0	0.0	0.0	0.0	0.0	0.000189286390309	0.0	0.0	0.0	0.0
k__Bacteria;p__Proteobacteria;c__Gammaproteobacteria;o__Enterobacteriales;f__Enterobacteriaceae;g__Cronobacter;s__sakazakii	0.0	0.0	0.0	0.0	0.0	0.0	0.0	0.0	0.0	0.0	0.0	0.0	0.0	0.0	0.0	0.0	0.0	0.0	0.0	0.0	0.0	0.0	0.0	0.000189286390309	0.0	0.0	0.0	0.0
k__Bacteria;p__Proteobacteria;c__Gammaproteobacteria;o__Enterobacteriales;f__Enterobacteriaceae;g__Enterobacter;s__	0.0	0.0	0.0	0.0	0.0	0.0	0.000374158144176	0.0	0.0	0.000474158368895	0.0	0.0	0.0	0.0	0.0	0.0	0.0	0.0	0.0	0.0	0.0	0.0	0.000198728139905	0.00132500473216	0.0	0.0	0.0	0.0
k__Bacteria;p__Proteobacteria;c__Gammaproteobacteria;o__Enterobacteriales;f__Enterobacteriaceae;g__Enterobacter;s__cloacae	0.0	0.0	0.0	0.0	0.0	0.0	0.000124719381392	0.0	0.0	0.0	0.0	0.0	0.0	0.0	0.0	0.0	0.0	0.0	0.0	0.0	0.0	0.0	0.0	0.0	0.0	0.0	0.0	0.0
k__Bacteria;p__Proteobacteria;c__Gammaproteobacteria;o__Enterobacteriales;f__Enterobacteriaceae;g__Enterobacter;s__cowanii	0.0	0.0	0.0	0.0	0.0	0.0	0.000374158144176	0.0	0.0	0.000158052789632	0.0	0.0	0.0	0.0	0.0	0.0	0.0	0.0	0.0	0.0	0.0	0.0	0.0	0.000189286390309	0.0	0.0	0.0	0.0
k__Bacteria;p__Proteobacteria;c__Gammaproteobacteria;o__Enterobacteriales;f__Enterobacteriaceae;g__Enterobacter;s__hormaechei	0.0	0.0	0.0	0.0	0.0	0.0	0.0	0.0	0.0	0.0	0.0	0.0	0.0	0.0	0.0	0.0	0.0	0.0	0.0	0.0	0.0	0.0	0.0	0.000189286390309	0.0	0.0	0.0	0.0
k__Bacteria;p__Proteobacteria;c__Gammaproteobacteria;o__Enterobacteriales;f__Enterobacteriaceae;g__Enterobacter;s__ludwigii	0.0	0.0	0.0	0.0	0.0	0.0	0.000249438762784	0.0	0.0	0.0	0.0	0.0	0.0	0.0	0.0	0.0	0.0	0.0	0.0	0.0	0.0	0.0	0.0	0.0	0.0	0.0	0.0	0.0
k__Bacteria;p__Proteobacteria;c__Gammaproteobacteria;o__Enterobacteriales;f__Enterobacteriaceae;g__Enterobacter;s__radicincitans	0.0	0.0	0.0	0.0	0.0	0.0	0.000124719381392	0.0	0.0	0.0	0.0	0.0	0.0	0.0	0.0	0.0	0.0	0.0	0.0	0.0	0.0	0.0	0.0	0.0	0.0	0.0	0.0	0.0
k__Bacteria;p__Proteobacteria;c__Gammaproteobacteria;o__Enterobacteriales;f__Enterobacteriaceae;g__Erwinia;s__	0.0	0.0	0.000196155355041	0.0	0.0	0.0	0.00661012721377	0.0	0.0	0.00221273905484	0.0	0.0	0.0	0.0	0.0	0.0	0.0	0.0	0.0	0.0	0.0	0.0	0.0	0.00605716448987	0.0	0.0	0.0	0.0
k__Bacteria;p__Proteobacteria;c__Gammaproteobacteria;o__Enterobacteriales;f__Enterobacteriaceae;g__Erwinia;s__dispersa	0.0	0.0	0.0	0.0	0.0	0.0	0.0	0.0	0.0	0.000158052789632	0.0	0.0	0.0	0.0	0.0	0.0	0.0	0.0	0.0	0.0	0.0	0.0	0.0	0.000189286390309	0.0	0.0	0.0	0.0
k__Bacteria;p__Proteobacteria;c__Gammaproteobacteria;o__Enterobacteriales;f__Enterobacteriaceae;g__Erwinia;s__toletana	0.0	0.0	0.0	0.0	0.0	0.0	0.0	0.0	0.0	0.0	0.0	0.0	0.0	0.0	0.0	0.0	0.0	0.0	0.0	0.0	0.0	0.0	0.0	0.000189286390309	0.0	0.0	0.0	0.0
k__Bacteria;p__Proteobacteria;c__Gammaproteobacteria;o__Enterobacteriales;f__Enterobacteriaceae;g__Escherichia;s__coli	0.0	0.0	0.0	0.0	0.0	0.0	0.000249438762784	0.000447227191413	0.0	0.000632211158527	0.0	0.0	0.0	0.0	0.0	0.000156103652825	0.0	0.0	0.0	0.000112587255123	0.00132135306554	0.0	0.0	0.00189286390309	0.0	0.0	0.0	0.0
k__Bacteria;p__Proteobacteria;c__Gammaproteobacteria;o__Enterobacteriales;f__Enterobacteriaceae;g__Klebsiella;s__	0.000180212650928	0.0	0.0	0.000146649068778	0.0	0.0	0.00536293339985	0.000223613595707	0.0	0.00442547810969	0.0	0.0	0.0	0.0	0.0	0.0	0.000117426021606	0.0	0.0	0.0	0.0	0.0	0.000993640699523	0.0255536626917	0.0	0.0	0.0	0.0
k__Bacteria;p__Proteobacteria;c__Gammaproteobacteria;o__Enterobacteriales;f__Enterobacteriaceae;g__Klebsiella;s__oxytoca	0.0	0.0	0.0	0.0	0.0	0.0	0.000124719381392	0.0	0.0	0.0	0.0	0.0	0.0	0.0	0.0	0.0	0.0	0.0	0.0	0.0	0.0	0.0	0.0	0.0	0.0	0.0	0.0	0.0
k__Bacteria;p__Proteobacteria;c__Gammaproteobacteria;o__Enterobacteriales;f__Enterobacteriaceae;g__Morganella;s__	0.000180212650928	0.000752445447705	0.000686543742644	0.00087989441267	0.0	0.000143802128271	0.00187079072088	0.00201252236136	0.0	0.016753595701	0.0	0.0	0.00317611561061	0.0	0.000775494377666	0.000156103652825	0.000117426021606	0.0	0.0	0.00213915784733	0.0381871035941	0.00172771250864	0.0	0.0933181904221	0.00012746972594	0.0	0.000103337811305	6.42343268243e-05
k__Bacteria;p__Proteobacteria;c__Gammaproteobacteria;o__Enterobacteriales;f__Enterobacteriaceae;g__Morganella;s__morganii	0.000360425301856	0.0	0.000196155355041	0.000146649068778	0.0	0.0	0.000623596906959	0.000223613595707	0.0	0.00094831673779	0.0	0.000406669377796	0.0	0.0	0.0	0.000156103652825	0.0	0.0	0.0	0.000225174510245	0.0017177589852	0.0	0.0	0.00170357751278	0.0	0.0	0.0	0.0
k__Bacteria;p__Proteobacteria;c__Gammaproteobacteria;o__Enterobacteriales;f__Enterobacteriaceae;g__Pantoea;s__agglomerans	0.0	0.0	0.0	0.0	0.0	0.0	0.00261910700923	0.0	0.0	0.0	0.0	0.0	0.0	0.0	0.0	0.0	0.0	0.0	0.0	0.0	0.0	0.0	0.0	0.000189286390309	0.0	0.0	0.0	0.0
k__Bacteria;p__Proteobacteria;c__Gammaproteobacteria;o__Enterobacteriales;f__Enterobacteriaceae;g__Pantoea;s__ananatis	0.0	0.0	0.0	0.0	0.0	0.0	0.000623596906959	0.0	0.0	0.0	0.0	0.0	0.0	0.0	0.0	0.0	0.0	0.0	0.0	0.0	0.0	0.0	0.0	0.000189286390309	0.0	0.0	0.0	0.0
k__Bacteria;p__Proteobacteria;c__Gammaproteobacteria;o__Enterobacteriales;f__Enterobacteriaceae;g__Pragia;s__fontium	0.0	0.0	0.0	0.0	0.0	0.0	0.000498877525567	0.0	0.0	0.0	0.0	0.0	0.0	0.0	0.0	0.0	0.0	0.0	0.0	0.0	0.0	0.0	0.0	0.0	0.0	0.0	0.0	0.0
k__Bacteria;p__Proteobacteria;c__Gammaproteobacteria;o__Enterobacteriales;f__Enterobacteriaceae;g__Proteus;s__	0.0	0.0	0.00107885445273	0.0	0.0	0.0	0.0	0.0	0.0	0.0	0.0	0.0	0.0	0.0	0.0	0.0	0.0	0.0	0.0	0.0	0.0	0.0	0.0	0.000189286390309	0.0	0.0	0.0	0.0
k__Bacteria;p__Proteobacteria;c__Gammaproteobacteria;o__Enterobacteriales;f__Enterobacteriaceae;g__Providencia;s__	0.000180212650928	0.0	0.0	0.0	0.0	0.0	0.000374158144176	0.0	0.0	0.000158052789632	0.0	0.0	0.0	0.0	0.0	0.0	0.0	0.0	0.0	0.0	0.0	0.0	0.0	0.00113571834185	0.0	0.0	0.0	0.0
k__Bacteria;p__Proteobacteria;c__Gammaproteobacteria;o__Enterobacteriales;f__Enterobacteriaceae;g__Raoultella;s__terrigena	0.0	0.0	0.0	0.0	0.0	0.0	0.000124719381392	0.0	0.0	0.0	0.0	0.0	0.0	0.0	0.0	0.0	0.0	0.0	0.0	0.0	0.0	0.0	0.0	0.0	0.0	0.0	0.0	0.0
k__Bacteria;p__Proteobacteria;c__Gammaproteobacteria;o__Enterobacteriales;f__Enterobacteriaceae;g__Salmonella;s__	0.0	0.0	0.0	0.0	0.0	0.0	0.012097779995	0.0	0.0	0.00395131974079	0.0	0.0	0.0	0.0	0.0	0.0	0.0	0.0	0.0	0.0	0.0	0.0	0.000794912559618	0.0206322165436	0.0	0.0	0.0	0.0
k__Bacteria;p__Proteobacteria;c__Gammaproteobacteria;o__Enterobacteriales;f__Enterobacteriaceae;g__Salmonella;s__enterica	0.0	0.0	9.80776775206e-05	0.0	0.0	0.0	0.00187079072088	0.000223613595707	0.0	0.000474158368895	0.0	0.0	0.0	0.0	0.0	0.0	0.0	0.0	0.0	0.000112587255123	0.000396405919662	0.000172771250864	0.0	0.00492144614802	0.0	0.0	0.0	0.0
k__Bacteria;p__Proteobacteria;c__Gammaproteobacteria;o__Enterobacteriales;f__Enterobacteriaceae;g__Serratia;s__	0.0	0.0	0.000294233032562	0.000146649068778	0.0	0.0	0.00561237216263	0.0	0.00017310022503	0.00363521416153	0.0	0.0	0.0	0.000137684152554	0.000193873594416	0.000156103652825	0.000117426021606	0.0	0.0	0.0	0.00066067653277	0.0	0.000397456279809	0.0198750709824	0.00012746972594	0.0	0.0	0.0
k__Bacteria;p__Proteobacteria;c__Gammaproteobacteria;o__Enterobacteriales;f__Enterobacteriaceae;g__Serratia;s__marcescens	0.0	0.0	0.0	0.0	0.0	0.0	0.0	0.0	0.0	0.0	0.0	0.0	0.0	0.0	0.0	0.0	0.0	0.0	0.0	0.0	0.0	0.0	0.0	0.000189286390309	0.0	0.0	0.0	0.0
k__Bacteria;p__Proteobacteria;c__Gammaproteobacteria;o__Enterobacteriales;f__Enterobacteriaceae;g__Serratia;s__rubidaea	0.0	0.0	0.0	0.0	0.0	0.0	0.0	0.0	0.0	0.000158052789632	0.0	0.0	0.0	0.0	0.0	0.0	0.0	0.0	0.0	0.0	0.0	0.0	0.0	0.0	0.0	0.0	0.0	0.0
k__Bacteria;p__Proteobacteria;c__Gammaproteobacteria;o__Enterobacteriales;f__Enterobacteriaceae;g__Shigella;s__sonnei	0.0	0.0	0.0	0.000146649068778	0.0	0.0	0.0	0.0	0.0	0.000474158368895	0.0	0.0	0.0	0.0	0.0	0.0	0.0	0.0	0.0	0.0	0.000528541226216	0.0	0.0	0.000946431951543	0.0	0.0	0.0	6.42343268243e-05
k__Bacteria;p__Proteobacteria;c__Gammaproteobacteria;o__Enterobacteriales;f__Enterobacteriaceae;g__Trabulsiella;s__farmeri	0.0	0.0	9.80776775206e-05	0.0	0.0	0.0	0.0	0.0	0.0	0.0	0.0	0.0	0.0	0.0	0.0	0.0	0.0	0.0	0.0	0.0	0.0	0.0	0.0	0.00132500473216	0.0	0.0	0.0	0.0
k__Bacteria;p__Proteobacteria;c__Gammaproteobacteria;o__Enterobacteriales;f__Enterobacteriaceae;g__Yersinia;s__	0.0	0.0	0.0	0.0	0.0	0.0	0.0	0.0	0.0	0.0	0.0	0.0	0.0	0.0	0.0	0.0	0.0	0.0	0.0	0.0	0.0	0.0	0.000198728139905	0.0	0.0	0.0	0.0	0.0
k__Bacteria;p__Proteobacteria;c__Gammaproteobacteria;o__Pasteurellales;f__Pasteurellaceae;g__;s__	0.0	0.0	0.0	0.0	0.0	0.0	0.000997755051135	0.0	0.0	0.000474158368895	0.0	0.0	0.0	0.0	0.0	0.0	0.0	0.0	0.0	0.0	0.0	0.0	0.0	0.00397501419648	0.0	0.0	0.000103337811305	0.0
k__Bacteria;p__Proteobacteria;c__Gammaproteobacteria;o__Pasteurellales;f__Pasteurellaceae;g__Haemophilus;s__parainfluenzae	0.0	0.0	0.0	0.0	0.0	0.0	0.0	0.0	0.000865501125151	0.0	0.0	0.000135556459265	0.0	0.000137684152554	0.0	0.00140493287543	0.0	0.0	0.0	0.0	0.000396405919662	0.0	0.0	0.0	0.00012746972594	0.0	0.0	6.42343268243e-05
k__Bacteria;p__Proteobacteria;c__Gammaproteobacteria;o__Pseudomonadales;f__Moraxellaceae;g__;s__	0.0	0.0	0.0	0.0	0.0	0.0	0.000124719381392	0.0	0.0	0.0	0.0	0.0	0.0	0.0	0.0	0.0	0.0	0.0	0.0	0.0	0.0	0.0	0.0	0.0	0.0	0.0	0.0	0.0
k__Bacteria;p__Proteobacteria;c__Gammaproteobacteria;o__Pseudomonadales;f__Moraxellaceae;g__Acinetobacter;s__	0.000360425301856	0.000376222723853	9.80776775206e-05	0.000146649068778	0.0	0.0	0.0143427288601	0.0	0.0	0.00126442231705	0.0	0.0	0.0	0.0	0.0	0.0	0.0	0.0	0.0	0.0	0.0	0.0	0.0	0.00189286390309	0.00012746972594	0.0	0.0	6.42343268243e-05
k__Bacteria;p__Proteobacteria;c__Gammaproteobacteria;o__Pseudomonadales;f__Pseudomonadaceae;g__;s__	0.0	0.00150489089541	0.0	0.0	0.0	0.000143802128271	0.000249438762784	0.0	0.0	0.0	0.0	0.000135556459265	0.0	0.0	0.0	0.0	0.0	0.000117564072419	9.7742156192e-05	0.0	0.0	0.0	0.0	0.0	0.0	0.000101853738032	0.0	6.42343268243e-05
k__Bacteria;p__Proteobacteria;c__Gammaproteobacteria;o__Pseudomonadales;f__Pseudomonadaceae;g__Pseudomonas;s__	0.0	0.00300978179082	9.80776775206e-05	0.000293298137557	0.000175870559268	0.000431406384814	0.000249438762784	0.000894454382826	0.0	0.000316105579263	0.0	0.000271112918531	0.00015880578053	0.0	0.0	0.000156103652825	0.000117426021606	0.0	0.0	0.000225174510245	0.00184989429175	0.0	0.000198728139905	0.00246072307401	0.00025493945188	0.000101853738032	0.0	6.42343268243e-05
k__Bacteria;p__Proteobacteria;c__Gammaproteobacteria;o__Pseudomonadales;f__Pseudomonadaceae;g__Pseudomonas;s__veronii	0.0	0.000376222723853	0.0	0.0	0.0	0.0	0.0	0.0	0.0	0.0	0.0	0.0	0.0	0.0	0.0	0.0	0.0	0.0	0.0	0.0	0.0	0.0	0.0	0.0	0.00012746972594	0.0	0.0	0.0
k__Bacteria;p__Synergistetes;c__Synergistia;o__Synergistales;f__;g__;s__	0.00342404036763	0.0	0.0	0.0	0.0	0.0	0.0	0.0	0.0	0.0	0.0	0.0	0.0	0.0	0.0	0.0	0.0	0.0	0.0	0.0	0.0	0.0	0.0	0.0	0.0	0.0	0.0	0.0
k__Bacteria;p__Synergistetes;c__Synergistia;o__Synergistales;f__Dethiosulfovibrionaceae;g__Pyramidobacter;s__piscolens	0.0	0.0	0.0	0.0	0.0	0.0	0.0	0.0	0.0	0.0	0.0	0.0	0.0	0.0	0.0	0.0	0.0	0.0	0.0	0.0	0.0	0.0	0.0	0.00473215975771	0.0	0.0	0.0	0.0
k__Bacteria;p__TM7;c__TM7-3;o__;f__;g__;s__	0.0	0.0	0.0	0.0	0.000175870559268	0.0	0.0	0.0	0.0	0.0	0.0	0.0	0.0	0.0	0.0	0.0	0.0	0.0	0.0	0.0	0.0	0.0	0.0	0.0	0.0	0.0	0.0	0.0
k__Bacteria;p__Tenericutes;c__Mollicutes;o__Anaeroplasmatales;f__Anaeroplasmataceae;g__;s__	0.0	0.0	0.0	0.0	0.0	0.0	0.0	0.0	0.0	0.0	0.0	0.00122000813339	0.0	0.0	0.0	0.0	0.0	0.0	0.0	0.0	0.0	0.000518313752592	0.0	0.0	0.00025493945188	0.0	0.0	0.0
k__Bacteria;p__Tenericutes;c__Mollicutes;o__RF39;f__;g__;s__	0.0	0.0	0.0	0.0	0.0	0.0	0.0	0.0	0.00017310022503	0.0244981823929	0.00794818957904	0.0	0.0	0.0	0.0	0.0	0.0	0.000352692217258	0.0	0.0	0.0	0.0	0.00278219395866	0.0	0.0158062460166	0.0	0.0	0.0110483042138
k__Bacteria;p__Tenericutes;c__RF3;o__ML615J-28;f__;g__;s__	0.0	0.0	0.0	0.0	0.0	0.0	0.0	0.0	0.0	0.000158052789632	0.000441566087724	0.0	0.0	0.0	0.0	0.0	0.0	0.0	0.0	0.0	0.0	0.0	0.0	0.0	0.0	0.0	0.0	0.0