	PD_whole_tree	chao1	observed_otus
DD10	59.86369	2575.98576512	1642.0
DD102	37.36803	1743.38323353	1055.0
DD104	53.24672	2617.19823789	1567.0
DD106	52.19065	2132.01315789	1328.0
DD107	41.82837	1480.42857143	879.0
DD108	54.02559	1950.90816327	1138.0
DD110	69.72098	2625.41791045	1638.0
DD111	31.79735	1292.52631579	787.0
DD112	35.05692	1350.83870968	896.0
DD113	63.96322	2562.45762712	1623.0
DD114	45.71036	2054.86363636	1289.0
DD115	32.77212	1243.25609756	561.0
DD116	52.46018	1914.72588832	1165.0
DD118	52.20499	2164.11965812	1352.0
DD119	64.07722	2475.01968504	1550.0
DD12	50.88634	2073.06091371	1270.0
DD120	54.28449	2067.50867052	1166.0
DD121	57.40204	2149.25	1360.0
DD122	50.60313	1989.56643357	1035.0
DD123	39.66865	1490.52980132	874.0
DD125	35.17878	1624.68421053	963.0
DD128	49.4849	1684.40993789	994.0
DD129	44.04802	1503.3902439	954.0
DD13	50.12488	2074.46305419	1270.0
DD130	57.72326	2385.85201794	1440.0
DD132	46.48694	1827.4076087	1077.0
DD133	31.18866	1271.8877551	728.0
DD134	54.7109	2219.55967078	1399.0
DD135	57.22327	2318.09405941	1362.0
DD136	49.68622	1999.72680412	1244.0
DD137	46.53176	1728.625	1096.0
DD138	32.70902	1142.12658228	528.0
DD139	58.90082	2097.57971014	1278.0
DD14	37.31166	1126.0	686.0
DD140	55.69882	2219.76960784	1270.0
DD141	56.2902	2260.45959596	1310.0
DD144	35.36808	1064.55454545	673.0
DD145	36.14005	1217.14705882	742.0
DD146	60.33424	2486.66071429	1453.0
DD147	54.78063	1788.55958549	1137.0
DD148	58.84141	2187.83769634	1247.0
DD149	76.55037	3326.15471698	1870.0
DD15	50.02564	1860.925	1160.0
DD150	53.44414	2188.53960396	1340.0
DD151	75.29334	3269.9771987	1961.0
DD152	64.82294	2685.48717949	1567.0
DD153	59.38679	2191.8	1243.0
DD154	64.72268	2729.82142857	1873.0
DD155	63.68373	2781.41176471	1787.0
DD157	75.43802	2892.27444795	1968.0
DD160	100.39633	4028.69230769	2833.0
DD161	83.22798	3547.75	2384.0
DD162	82.53131	3474.04507042	2337.0
DD164	60.16605	2453.94323144	1547.0
DD167	78.82107	3241.65706052	2192.0
DD168	69.23606	2750.853125	1901.0
DD169	44.98835	1461.68292683	992.0
DD17	62.2755	2573.96842105	1648.0
DD18	44.98469	1970.28205128	1235.0
DD2	58.70355	2536.98780488	1593.0
DD20	39.42669	1867.11764706	1068.0
DD21	48.92848	1672.8115942	944.0
DD22	39.35143	1705.90909091	1050.0
DD23	46.6686	1805.59615385	1087.0
DD24	57.53795	2248.64	1484.0
DD25	59.61055	2592.16216216	1590.0
DD27	60.76351	2516.23791822	1508.0
DD28	56.02145	2129.03045685	1253.0
DD29	53.2828	1996.24242424	1217.0
DD3	33.05571	972.219298246	670.0
DD30	47.71162	1615.21428571	995.0
DD31	62.67692	2670.01195219	1533.0
DD32	54.46684	1916.01675978	1118.0
DD33	42.17858	1483.23684211	937.0
DD34	41.95393	1358.47368421	878.0
DD36	36.85597	1526.47008547	841.0
DD38	73.65832	3054.26517572	1915.0
DD39	56.05294	1952.43005181	1153.0
DD4	23.80906	590.070588235	427.0
DD42	64.82631	2446.50972763	1500.0
DD43	38.57044	1219.03030303	766.0
DD44	39.6373	1687.17391304	940.0
DD47	70.06763	3207.65822785	1742.0
DD48	68.07485	2653.18181818	1758.0
DD5	68.55313	2672.26	1741.0
DD53	40.11795	1640.77118644	870.0
DD58	48.76896	1982.01639344	1151.0
DD59	45.20072	1543.70895522	918.0
DD6	50.15954	1837.88888889	1232.0
DD60	48.00927	1763.57936508	900.0
DD61	38.23944	1624.02803738	778.0
DD63	41.12777	1482.26229508	815.0
DD64	59.97676	2342.17948718	1410.0
DD65	61.12673	2139.79104478	1333.0
DD67	32.94307	1044.97115385	664.0
DD68	66.25732	2669.96666667	1562.0
DD7	59.24418	2061.10526316	1277.0
DD70	52.22898	1931.04639175	1130.0
DD71	48.7967	1796.12068966	1160.0
DD72	30.48272	982.303571429	641.0
DD79	36.1198	1154.27272727	756.0
DD8	61.26423	2481.62878788	1576.0
DD80	26.40255	941.12345679	535.0
DD81	40.67372	1831.93006993	970.0
DD82	43.33934	1990.04639175	1189.0
DD83	48.6496	2065.05639098	1339.0
DD84	35.96504	1426.76923077	916.0
DD85	33.00814	1608.69230769	813.0
DD86	30.24015	1272.0	698.0
DD87	36.30439	1706.62393162	847.0
DD89	29.01248	1157.84466019	634.0
DD90	30.25292	1272.99082569	690.0
DD93	30.86084	1430.22413793	756.0
DD96	31.48901	1372.76642336	799.0
DD97	47.91633	1500.46296296	907.0
DD98	44.05749	1883.66666667	1073.0
DIET1	9.2733	176.333333333	76.0
DIET10	4.20154	116.0	59.0
DIET11	3.83321	69.5	59.0
DIET12	4.80574	143.5	58.0
DIET13	6.8891	132.8	95.0
DIET14	6.22254	104.111111111	89.0
DIET15	40.27236	1973.18300654	1098.0
DIET16	32.52833	1393.1294964	853.0
DIET17	7.28362	175.125	105.0
DIET18	6.59701	192.25	109.0
DIET19	26.33935	1035.73267327	649.0
DIET2	4.42479	182.333333333	47.0
DIET20	22.75183	812.347826087	498.0
DIET21	13.49287	418.529411765	261.0
DIET22	7.07152	239.235294118	142.0
DIET23	24.78985	815.170731707	532.0
DIET24	16.1237	545.06	356.0
DIET25	15.67262	592.125	301.0
DIET26	15.67618	429.0	277.0
DIET27	13.50987	411.75	288.0
DIET28	20.79059	745.763157895	381.0
DIET29	10.71326	378.652173913	258.0
DIET3	6.12544	130.333333333	89.0
DIET30	10.93769	381.333333333	263.0
DIET31	10.63669	379.105263158	252.0
DIET32	10.45366	335.44	196.0
DIET33	20.43617	683.716981132	403.0
DIET34	21.94935	773.114754098	437.0
DIET35	10.46993	470.055555556	267.0
DIET36	11.82181	402.428571429	288.0
DIET37	11.70095	409.903225806	292.0
DIET38	15.22356	395.896551724	204.0
DIET39	10.2504	185.260869565	132.0
DIET4	6.08821	147.142857143	85.0
DIET40	8.96488	166.0	101.0
DIET41	9.69996	419.0	276.0
DIET42	7.73713	281.230769231	222.0
DIET43	11.09856	410.04	302.0
DIET44	9.78113	633.25	145.0
DIET45	8.15323	326.545454545	171.0
DIET46	11.95578	235.875	186.0
DIET47	11.30019	575.206896552	329.0
DIET48	9.61777	336.171428571	259.0
DIET49	11.6774	540.038461538	326.0
DIET5	9.4568	303.870967742	207.0
DIET50	6.88475	145.5	128.0
DIET51	5.67968	136.75	113.0
DIET52	4.74301	151.1	116.0
DIET53	14.37416	431.081081081	272.0
DIET54	6.69053	224.0	113.0
DIET55	7.76084	180.833333333	133.0
DIET56	8.86706	293.625	147.0
DIET6	8.57409	338.714285714	202.0
DIET7	19.47043	792.584415584	588.0
DIET8	16.91778	748.714285714	516.0
DIET9	11.69757	395.0	236.0
ID100	54.31407	1990.08196721	1354.0
ID103	37.15445	1395.31756757	944.0
ID104	74.75022	3344.24310777	2482.0
ID106	56.99637	2529.21259843	1660.0
ID109	62.54181	2796.08583691	1679.0
ID110	89.36775	3400.98241206	2407.0
ID112	72.72451	2995.40333333	1946.0
ID113	54.72651	2242.84976526	1402.0
ID115	62.07502	2827.51960784	1946.0
ID117	68.26542	2718.72265625	1702.0
ID120	61.07438	2709.25572519	1735.0
ID123	50.16897	2306.71957672	1378.0
ID124	13.26929	332.282608696	209.0
ID125	65.97354	2775.69874477	1613.0
ID127	90.12663	3893.26923077	2735.0
ID128	74.42037	3256.90196078	2047.0
ID129	64.23098	2715.8	1943.0
ID131	83.31013	3587.62352941	2569.0
ID132	68.56083	3039.79120879	2106.0
ID133	91.66774	3829.03160271	2706.0
ID134	90.12184	3687.47345133	2624.0
ID135	75.67259	2974.18505338	1851.0
ID136	99.30112	4104.61790393	2768.0
ID138	91.10124	3502.1300813	2344.0
ID140	69.76459	2782.43956044	1712.0
ID153	68.5409	2628.0	1777.0
ID155	77.62795	3405.97777778	2464.0
ID156	85.94269	3391.84883721	2247.0
ID16	79.32821	3463.24545455	2185.0
ID167	74.13013	3273.96935933	2350.0
ID17	71.00252	2949.72043011	1858.0
ID18	93.40357	4113.37593985	2509.0
ID188	52.7185	2254.99118943	1466.0
ID205	66.86902	2693.33333333	1837.0
ID209	75.03414	3137.57400722	2021.0
ID21	91.90894	4038.44354839	2558.0
ID210	67.87868	2894.77742947	2026.0
ID211	71.04337	3177.15384615	2363.0
ID214	69.11631	2812.69905956	2017.0
ID216	78.07413	3283.89315068	2286.0
ID217	65.97169	2675.62645914	1870.0
ID220	60.46517	2754.04845815	1639.0
ID221	82.13503	3413.1875	2312.0
ID225	72.56412	3057.85173502	2097.0
ID230	77.08232	3248.57425743	2001.0
ID231	60.03546	2552.35968379	1698.0
ID235	91.274	3930.56179775	2659.0
ID237	62.83467	2488.0952381	1575.0
ID238	81.18438	3260.40963855	2050.0
ID239	85.48032	3395.38746439	2306.0
ID240	94.55201	3840.44572748	2659.0
ID241	71.38349	2940.63719512	2038.0
ID25	61.9099	2281.94509804	1500.0
ID254	51.14845	1970.44318182	1368.0
ID255	92.54817	4093.35696203	2621.0
ID256	83.99774	3357.83695652	2398.0
ID257	66.25434	2892.24	1986.0
ID258	80.76537	3265.5273224	2133.0
ID259	60.54274	2394.96396396	1471.0
ID260	79.91488	3573.24734982	2131.0
ID261	75.82177	3040.1875	1941.0
ID262	101.75818	3681.24948025	2688.0
ID263	80.66103	3273.80779221	2237.0
ID264	47.22784	1773.22162162	1210.0
ID265	105.1866	4362.14967462	2976.0
ID266	60.94309	2572.40363636	1723.0
ID27	93.54433	3973.44125326	2469.0
ID28	80.60468	3673.68634686	2059.0
ID29	96.70129	4260.37644342	2761.0
ID3	71.75775	2842.37878788	1747.0
ID30	91.7201	4055.09022556	2714.0
ID31	93.37275	3877.09447005	2682.0
ID32	105.2243	4521.74358974	2982.0
ID33	70.2668	2858.75362319	1811.0
ID34	94.25958	4095.82070707	2755.0
ID35	99.36102	4359.91855204	2818.0
ID36	91.0811	3676.36597938	2440.0
ID37	79.19181	3433.52848101	2087.0
ID38	124.8352	5218.81986532	3647.0
ID39	125.60917	5463.47580645	3722.0
ID4	84.65435	3321.04034582	2150.0
ID40	65.31058	2776.74275362	1778.0
ID42	77.29823	3305.82857143	2287.0
ID43	70.1771	3220.22807018	2120.0
ID44	68.19566	2764.58483755	1756.0
ID45	83.33502	3405.13274336	2225.0
ID46	74.69634	2975.70858896	2010.0
ID47	64.75075	2852.31638418	2061.0
ID49	94.99905	4038.62962963	2778.0
ID5	98.43243	4247.62473348	2782.0
ID50	90.11738	3918.80769231	2661.0
ID51	78.8777	3370.11504425	2237.0
ID52	65.46944	2693.22178988	1779.0
ID53	75.34821	3316.81437126	2309.0
ID54	70.12858	3239.81308411	2209.0
ID55	76.69363	3415.84732824	2425.0
ID56	68.84491	2956.49180328	2060.0
ID57	41.8685	1551.06521739	1032.0
ID58	74.55064	3246.60447761	2018.0
ID59	109.11116	4709.41015625	3644.0
ID6	77.75531	3283.57807309	2082.0
ID60	51.46175	2056.4047619	1448.0
ID61	69.36052	2795.45762712	1891.0
ID63	78.80652	3229.96805112	2178.0
ID64	77.84613	3065.98591549	2071.0
ID7	91.07434	3610.28070175	2459.0
ID8	92.18062	3818.34931507	2752.0
ID83	68.30073	2726.26568266	1787.0
ID85	79.65784	3300.62939297	2104.0
ID86	46.04902	1749.14516129	1206.0
ID87	62.96375	2673.58483755	1665.0
ID89	73.35831	2990.16606498	1899.0
ID9	88.88091	3655.72727273	2303.0
ID90	75.15822	3147.81653747	2180.0
ID91	60.96319	2427.88235294	1707.0
ID92	71.81482	2828.24913495	1877.0
ID95	75.69291	2823.22383721	1987.0
ID97	70.81439	2839.12461059	1836.0
ID98	87.12441	3443.84196185	2390.0
ID99	85.84948	3684.94070081	2508.0
ITS3.DD10	13.67624	714.5	143.0
ITS3.DD102	39.83116	1721.08264463	735.0
ITS3.DD105	0.65124	1.0	1.0
ITS3.DD107	20.81942	851.833333333	271.0
ITS3.DD108	2.31636	14.5	7.0
ITS3.DD110	14.77825	386.035714286	156.0
ITS3.DD111	0.0	0.0	0.0
ITS3.DD112	0.94186	1.0	1.0
ITS3.DD113	1.90393	6.0	3.0
ITS3.DD115	50.386	2660.4893617	1028.0
ITS3.DD116	58.12933	2566.164	1329.0
ITS3.DD118	0.0	0.0	0.0
ITS3.DD119	46.36094	2260.93793103	929.0
ITS3.DD12	4.95296	231.0	21.0
ITS3.DD120	3.32788	136.0	16.0
ITS3.DD121	1.24652	10.0	4.0
ITS3.DD122	5.082	77.5	25.0
ITS3.DD123	10.66484	359.461538462	104.0
ITS3.DD124	1.81124	21.0	6.0
ITS3.DD125	3.33913	91.0	13.0
ITS3.DD129	4.62854	94.0	24.0
ITS3.DD13	15.04571	515.235294118	143.0
ITS3.DD130	7.26196	287.5	51.0
ITS3.DD132	1.43513	6.0	3.0
ITS3.DD134	1.5652	6.0	3.0
ITS3.DD136	27.5295	1391.8372093	397.0
ITS3.DD137	7.03427	230.25	45.0
ITS3.DD138	6.72135	207.5	41.0
ITS3.DD139	5.6077	227.0	40.0
ITS3.DD14	3.19799	55.0	10.0
ITS3.DD140	5.84125	135.5	34.0
ITS3.DD141	9.52197	397.625	87.0
ITS3.DD143	18.66807	940.045454545	224.0
ITS3.DD144	3.32948	45.0	9.0
ITS3.DD146	5.88585	136.333333333	28.0
ITS3.DD148	3.85933	77.0	17.0
ITS3.DD149	8.12904	309.5	62.0
ITS3.DD15	4.20509	86.0	18.0
ITS3.DD151	3.51322	60.5	15.0
ITS3.DD153	3.26195	66.0	11.0
ITS3.DD155	4.0318	71.0	20.0
ITS3.DD17	11.37202	391.857142857	76.0
ITS3.DD18	6.30315	200.333333333	35.0
ITS3.DD20	8.62355	718.0	67.0
ITS3.DD21	8.13738	372.75	54.0
ITS3.DD22	1.5895	6.0	3.0
ITS3.DD23	8.47618	216.142857143	55.0
ITS3.DD24	12.59528	354.75	110.0
ITS3.DD25	4.11213	86.0	18.0
ITS3.DD27	11.13398	266.5	89.0
ITS3.DD28	7.27472	169.25	51.0
ITS3.DD29	17.92407	542.884615385	174.0
ITS3.DD3	7.28021	224.5	52.0
ITS3.DD30	12.07503	365.647058824	114.0
ITS3.DD31	15.5217	690.473684211	171.0
ITS3.DD32	9.32016	226.75	61.0
ITS3.DD33	11.49741	638.75	104.0
ITS3.DD34	14.16648	409.0	118.0
ITS3.DD36	6.04687	317.333333333	44.0
ITS3.DD38	10.36537	338.214285714	101.0
ITS3.DD39	0.0	0.0	0.0
ITS3.DD4	13.13162	555.866666667	134.0
ITS3.DD41	0.68157	1.0	1.0
ITS3.DD42	1.14211	3.0	2.0
ITS3.DD43	2.6312	45.0	9.0
ITS3.DD44	8.1815	159.0	40.0
ITS3.DD45	7.9595	276.6	75.0
ITS3.DD46	14.92612	712.625	164.0
ITS3.DD47	7.48127	135.666666667	49.0
ITS3.DD48	12.54015	474.25	110.0
ITS3.DD5	10.60198	462.0	93.0
ITS3.DD51	5.85481	107.6	32.0
ITS3.DD53	12.92828	297.285714286	115.0
ITS3.DD58	25.66434	1214.69230769	358.0
ITS3.DD59	7.78914	348.0	54.0
ITS3.DD6	0.69758	1.0	1.0
ITS3.DD60	1.35986	6.0	3.0
ITS3.DD61	6.91004	667.0	37.0
ITS3.DD63	1.04571	1.0	1.0
ITS3.DD64	0.69766	1.0	1.0
ITS3.DD65	9.73854	265.272727273	82.0
ITS3.DD67	4.92703	71.0	20.0
ITS3.DD68	11.32502	592.0	94.0
ITS3.DD7	10.61736	458.0	98.0
ITS3.DD70	4.41825	210.0	20.0
ITS3.DD75	6.38362	317.333333333	44.0
ITS3.DD77	3.73822	231.0	21.0
ITS3.DD79	5.84713	167.333333333	32.0
ITS3.DD80	3.02913	78.0	12.0
ITS3.DD84	6.00852	213.0	37.0
ITS3.DD85	4.41436	210.0	20.0
ITS3.DD86	5.14037	164.0	26.0
ITS3.DD87	4.86312	164.0	26.0
ITS3.DD89	2.65188	41.5	14.0
ITS3.DD90	6.42196	159.0	35.0
ITS3.DD92	0.97736	6.0	3.0
ITS3.DD96	15.35031	743.352941176	171.0
ITS3.DD98	16.11724	838.588235294	190.0
ITS3.DD99	8.44012	389.5	58.0
ITS3.DIET14	32.21603	1344.8	507.0
ITS3.DIET16	13.20437	791.0	112.0
ITS3.DIET18	9.87758	411.2	69.0
ITS3.DIET20	15.07343	628.0	166.0
ITS3.DIET22	19.1017	776.8	203.0
ITS3.DIET25	0.82392	1.0	1.0
ITS3.DIET31	15.46063	530.15	155.0
ITS3.DIET34	3.2563	91.0	13.0
ITS3.DIET37	1.90045	10.0	4.0
ITS3.DIET4	15.91189	630.142857143	180.0
ITS3.DIET43	9.4149	194.769230769	72.0
ITS3.DIET49	0.0	0.0	0.0
ITS3.DIET52	0.0	0.0	0.0
ITS3.DIET54	21.90968	777.216216216	266.0
ITS3.DIET56	17.91994	484.107142857	180.0
ITS3.DIET6	12.35908	301.2	101.0
ITS3.DIET8	13.99235	912.272727273	150.0
ITS3.ID100	0.81957	1.0	1.0
ITS3.ID103	3.34845	45.0	9.0
ITS3.ID104	5.58522	528.0	32.0
ITS3.ID106	3.109	28.0	10.0
ITS3.ID109	5.97003	160.0	36.0
ITS3.ID110	2.71891	153.0	17.0
ITS3.ID112	0.0	0.0	0.0
ITS3.ID113	9.7353	342.666666667	82.0
ITS3.ID115	8.60173	221.375	62.0
ITS3.ID117	1.93783	6.0	3.0
ITS3.ID119	4.41717	78.0	21.0
ITS3.ID124	5.18403	186.75	38.0
ITS3.ID125	0.0	0.0	0.0
ITS3.ID126	3.91469	127.0	22.0
ITS3.ID127	3.46536	28.0	10.0
ITS3.ID128	23.91304	1212.12903226	310.0
ITS3.ID129	3.52488	68.5	16.0
ITS3.ID131	3.9562	48.3333333333	18.0
ITS3.ID132	1.81669	10.0	4.0
ITS3.ID133	0.97112	1.0	1.0
ITS3.ID134	3.63682	153.0	17.0
ITS3.ID135	14.35484	766.0	163.0
ITS3.ID136	2.11642	28.0	7.0
ITS3.ID138	1.58614	6.0	3.0
ITS3.ID140	4.01627	111.333333333	27.0
ITS3.ID145	13.09099	573.461538462	129.0
ITS3.ID162	5.72821	138.333333333	30.0
ITS3.ID170	12.32	516.0	126.0
ITS3.ID177	9.735	503.0	74.0
ITS3.ID191	12.7629	486.615384615	121.0
ITS3.ID199	1.37773	3.0	2.0
ITS3.ID201	6.03598	128.5	34.0
ITS3.ID207	21.89368	862.620689655	250.0
ITS3.ID209	2.24566	55.0	10.0
ITS3.ID214	13.51789	472.714285714	144.0
ITS3.ID217	10.10933	669.2	84.0
ITS3.ID220	0.65995	1.0	1.0
ITS3.ID221	8.03656	228.75	63.0
ITS3.ID223	3.63799	39.5	12.0
ITS3.ID231	1.05684	3.0	2.0
ITS3.ID246	11.94662	508.125	93.0
ITS3.ID256	4.34682	94.0	24.0
ITS3.ID43	7.08794	186.375	57.0
ITS3.ID47	1.20948	1.0	1.0
ITS3.ID55	1.99167	11.0	6.0
ITS3.ID56	1.50062	10.0	4.0
ITS3.ID8	1.72632	8.0	5.0
ITS3.ID83	6.81886	237.2	48.0
ITS3.ID85	1.92018	21.0	6.0
ITS3.ID86	1.71793	6.0	3.0
ITS3.ID87	11.13066	372.0	88.0
ITS3.ID89	11.57455	482.272727273	110.0
ITS3.ID90	2.10009	46.0	10.0
ITS3.ID92	4.87612	353.0	28.0
ITS3.ID95	5.76147	157.0	31.0
ITS3.ID97	10.31311	248.352941176	98.0
ITS3.ID98	11.46545	342.352941176	112.0
ITS3.ID99	1.30608	3.0	2.0
