	PD_whole_tree	chao1	observed_otus
EM031.441732	22.25571	725.131147541	348.0
EM032.441683	25.85351	1089.44444444	438.0
EM033.441685	22.28645	868.265060241	450.0
EM034.441676	19.63166	776.775862069	350.0
EM035.441593	25.70188	1001.76623377	450.0
EM036.441587	24.32219	920.361445783	443.0
EM037.441737	20.35874	994.081081081	343.0
EM038.441649	25.06096	725.75	356.0
EM039.441743	24.76716	887.789473684	431.0
EM040.441709	19.80953	663.417910448	339.0
EM042.441674	23.86085	760.661764706	370.0
EM043.441739	25.00233	970.032608696	476.0
EM044.441601	28.10509	1072.74193548	420.0
EM046.441741	20.28395	590.029411765	239.0
EM047.441722	8.60441	469.666666667	136.0
EM047.T3.441645	14.88278	645.294117647	282.0
EM049.441600	22.62674	1062.0	432.0
EM049.T3.441671	21.87517	858.803571429	372.0
EM050.441672	16.9436	580.770833333	292.0
EM052.441625	24.07373	936.185185185	369.0
EM053.441738	20.88872	1078.05882353	436.0
EM053.T3.441688	14.12306	628.243243243	267.0
EM054.441707	20.93283	727.0	349.0
EM054.T3.441749	19.85762	604.924242424	330.0
EM055.441603	29.20717	1220.34782609	476.0
EM055.T3.441626	26.94715	1053.78571429	451.0
EM056.441606	21.85002	808.0	346.0
EM056.T3.441716	17.75072	664.285714286	249.0
EM057.441605	26.00224	1058.0	456.0
EM057.T3.441589	17.33386	615.032258065	235.0
EM058.441637	26.01364	997.208333333	443.0
EM059.441715	23.50004	1150.5	428.0
EM059.T3.441604	14.26467	402.488372093	228.0
EM060.441677	20.20446	904.0	371.0
EM060.T3.441729	22.79368	812.118644068	385.0
EM061.441673	21.53578	938.089552239	416.0
EM062.441720	24.67982	943.859375	389.0
EM063.441621	22.92938	956.593220339	412.0
EM063.T3.441695	26.14327	1271.94285714	487.0
EM064.441592	26.86381	948.405797101	426.0
EM065.441667	19.92348	610.375	313.0
EM065.T3.441614	20.98519	710.051724138	346.0
EM066.441656	18.5123	617.428571429	254.0
EM066.T3.441647	24.08659	870.09375	372.0
EM067.441615	19.56205	734.181818182	354.0
EM068.441712	17.0407	437.023255814	239.0
EM069.441700	14.67038	363.1875	229.0
EM070.441682	25.16906	1015.2027027	445.0
EM071.441747	27.03915	1311.88636364	405.0
EM071.T3.441734	22.52161	725.638554217	400.0
EM072.441643	26.21655	744.380952381	362.0
EM072.T3.441632	24.81827	782.142857143	330.0
EM073.441594	17.09274	737.695652174	318.0
EM073.T3.441721	20.3149	868.553846154	382.0
EM074.441596	25.92994	940.098591549	421.0
EM075.441644	27.52137	1038.61445783	469.0
EM076.441622	17.41181	671.872727273	335.0
EM077.441646	22.21778	658.71875	332.0
EM077.T3.441639	23.18427	1041.65454545	396.0
EM078.441658	26.68756	960.886075949	445.0
EM079.441724	21.83732	627.928571429	324.0
EM080.441727	20.48471	638.75	322.0
EM081.441618	27.69936	1291.31343284	486.0
EM082.441607	11.10058	442.75	202.0
EM082.T3.441751	13.13741	452.617647059	221.0
EM083.441666	21.02236	983.753424658	441.0
EM083.T3.441744	20.34735	754.512820513	408.0
EM084.441599	22.43497	965.142857143	423.0
EM085.441675	24.59542	771.765625	385.0
EM086.441698	22.50439	720.0	333.0
EM086.T3.441746	25.49448	945.6	366.0
EM087.441726	23.2147	817.882352941	371.0
EM088.441638	17.80829	612.234042553	292.0
EM089.441742	24.91896	969.220779221	451.0
EM089.T3.441624	26.81793	1102.67901235	496.0
EM090.441664	22.18331	929.779661017	398.0
EM090.T3.441662	21.23688	893.0	413.0
EM091.441686	26.83112	1082.37837838	460.0
EM092.441616	25.77354	900.026315789	317.0
EM093.441602	26.04978	1262.23076923	477.0
EM093.T3.441670	22.32329	734.416666667	375.0
EM094.441640	20.43396	700.455696203	370.0
EM094.T3.441588	20.18463	1000.1369863	434.0
EM095.441717	22.08772	683.066666667	313.0
EM095.T3.441590	20.92833	840.75	318.0
EM096.441706	20.55646	783.253521127	396.0
EM098.441733	19.70115	651.590909091	344.0
EM098.T3.441740	19.5073	635.93220339	338.0
EM099.441708	22.89555	964.238095238	409.0
EM100.441714	27.0062	904.555555556	369.0
EM100.T3.441627	31.01746	1281.30769231	436.0
EM101.441623	21.96171	859.307692308	344.0
EM102.441633	21.7726	894.166666667	385.0
EM103.441691	20.78964	756.948275862	364.0
EM105.441629	22.09373	1149.0	372.0
EM106.441745	20.70843	710.75	292.0
EM107.441620	18.54084	533.40625	238.0
EM108.441694	23.87416	769.676056338	389.0
EM109.441669	24.53118	872.4	405.0
EM110.441723	21.42499	810.108695652	310.0
EM111.441634	15.77209	487.411764706	277.0
EM112.441630	12.99077	446.344827586	196.0
EM113.441619	22.1884	984.0	399.0
EM114.441710	17.68424	571.0	291.0
EM115.441641	16.81713	511.058823529	289.0
EM116.441657	19.41328	695.319148936	297.0
EM117.441609	14.76614	566.0	268.0
EM118.441693	24.44461	831.344262295	369.0
EM122.441699	16.99221	616.285714286	302.0
EM123.441687	13.10965	443.058823529	204.0
EM124.441697	24.31809	1062.83908046	498.0
EM125.441659	21.38395	722.8	364.0
EM126.441679	18.65699	656.590909091	370.0
EM129.441689	24.93111	1142.42857143	440.0
EM130.441701	18.68046	666.672413793	327.0
EM131.441591	19.68244	689.625	309.0
EM132.441696	16.47153	651.6	332.0
EM133.441663	21.08334	798.107142857	364.0
EM134.441735	22.35349	639.743589744	353.0
EM135.441660	15.48116	519.381818182	291.0
EM136.441650	19.47594	629.322033898	325.0
EM137.441680	17.98696	740.518518519	338.0
EM138.441753	23.14734	1003.43859649	399.0
EM139.441611	19.46166	569.966666667	322.0
EM140.441608	18.60738	703.021276596	321.0
EM141.441684	14.73928	528.282608696	295.0
EM142.441711	19.58379	662.081967213	352.0
EM144.441736	23.63012	779.5	316.0
EM145.441690	24.66084	1160.45205479	470.0
EM146.441718	24.30217	964.424242424	406.0
EM147.441617	11.49847	466.621621622	240.0
EM148.441631	18.78549	768.803571429	358.0
EM149.441655	25.52719	953.0125	440.0
EM150.441648	21.35786	865.050847458	383.0
EM151.441595	23.0367	798.113207547	360.0
EM152.441730	19.88327	788.193548387	356.0
EM155.441678	17.94372	625.660377358	308.0
EM156.441613	23.25527	743.014705882	379.0
EM158.441731	22.78431	674.0	362.0
EM159.441719	24.88147	811.375	403.0
EM160.441703	24.89412	1017.01388889	435.0
EM162.441728	27.14894	970.318181818	416.0
EM163.441642	23.67446	839.514285714	416.0
EM165.441597	24.38024	957.558441558	443.0
EM166.441748	21.90465	751.388888889	345.0
EM167.441702	21.8258	674.71875	348.0
EM168.441668	27.68441	980.93258427	477.0
EM169.441653	25.50837	811.24137931	439.0
EM170.441651	21.86881	805.491803279	370.0
EM173.441754	26.7631	1137.94285714	480.0
EM174.441652	14.9788	534.689655172	232.0
EM178.441705	24.28771	646.430769231	331.0
EM179.441612	16.08663	569.558823529	330.0
EM180.441692	19.12004	666.066666667	316.0
EM182.441681	15.99251	455.021276596	248.0
EM183.441654	20.84857	630.118644068	329.0
EM209.441665	12.86	457.5	270.0
EM222.441725	27.1232	1203.74193548	456.0
EMC01.441661	24.56277	952.08	435.0
EMC02.441750	22.44452	894.514705882	422.0
EMC03.441713	24.4312	754.033898305	342.0
EMC04.441704	24.29524	1276.0	466.0
EMC05.441628	27.2583	898.015873016	400.0
EMC06.441610	25.78958	987.4	412.0
EMC07.441636	24.91676	815.01754386	365.0
EMC08.441752	24.25408	803.258064516	356.0
EMC09.441635	26.70184	859.48	414.0
