	SRR515153	SRR518987	SRR521172	SRR521173	SRR521174	SRR521175	SRR521176	SRR521177	SRR521178	SRR521179	SRR521180	SRR521181	SRR521182	SRR521183	SRR521184	SRR521185	SRR521186	SRR521187	SRR521188	SRR521189	SRR521190	SRR521191	SRR521192	SRR521193	SRR521194	SRR521195	SRR521196	SRR521197	SRR521198	SRR521199	SRR521200	SRR521201	SRR521202	SRR521203	SRR521204	SRR521205	SRR521206	SRR521207	SRR521208	SRR521209	SRR521211	SRR521212	SRR521213	SRR521214	SRR521215	SRR521216	SRR521217	SRR521219	SRR521220	SRR521221	SRR521222	SRR521223	SRR521224	SRR521225	SRR521226	SRR521227	SRR521229	SRR521230	SRR521231	SRR521232	SRR521233	SRR521234	SRR521235	SRR521236	SRR521237	SRR521238	SRR521239	SRR521240	SRR521241	SRR521242	SRR521243	SRR521244	SRR521245	SRR521246	SRR521247	SRR521248	SRR521249	SRR521250	SRR521252	SRR521253	SRR521254	SRR521255	SRR521256	SRR521257	SRR521258	SRR521259	SRR521260	SRR521261	SRR521262	SRR521263	SRR521264	SRR521265
SRR515153	0.0	0.365	0.363	0.457	0.426	0.504	0.511	0.413	0.468	0.387	0.522	0.657	0.466	0.437	0.508	0.422	0.422	0.463	0.476	0.554	0.462	0.489	0.45	0.396	0.329	0.464	0.451	0.433	0.481	0.473	0.456	0.439	0.488	0.468	0.52	0.516	0.531	0.522	0.502	0.523	0.512	0.466	0.576	0.496	0.553	0.559	0.406	0.497	0.524	0.541	0.494	0.503	0.522	0.523	0.492	0.519	0.422	0.573	0.55	0.547	0.694	0.604	0.662	0.595	0.59	0.522	0.482	0.444	0.611	0.622	0.433	0.438	0.556	0.635	0.614	0.519	0.715	0.391	0.698	0.523	0.588	0.67	0.616	0.537	0.579	0.454	0.523	0.544	0.535	0.577	0.636	0.492
SRR518987	0.365	0.0	0.39	0.491	0.439	0.521	0.507	0.442	0.504	0.404	0.537	0.671	0.466	0.433	0.5	0.457	0.445	0.472	0.463	0.535	0.485	0.494	0.484	0.389	0.329	0.49	0.475	0.451	0.507	0.505	0.455	0.458	0.515	0.47	0.524	0.537	0.577	0.522	0.514	0.506	0.513	0.488	0.586	0.48	0.554	0.552	0.433	0.502	0.535	0.532	0.485	0.512	0.526	0.534	0.496	0.534	0.46	0.591	0.536	0.552	0.707	0.623	0.677	0.573	0.571	0.523	0.448	0.449	0.6	0.643	0.423	0.432	0.587	0.671	0.624	0.518	0.715	0.382	0.717	0.503	0.602	0.714	0.657	0.545	0.621	0.477	0.499	0.498	0.521	0.591	0.645	0.497
SRR521172	0.363	0.39	0.0	0.454	0.462	0.529	0.517	0.45	0.5	0.426	0.541	0.654	0.479	0.47	0.532	0.466	0.448	0.467	0.48	0.565	0.461	0.501	0.515	0.397	0.34	0.503	0.46	0.437	0.476	0.491	0.447	0.465	0.503	0.477	0.536	0.515	0.551	0.5	0.528	0.521	0.515	0.49	0.567	0.507	0.538	0.552	0.47	0.515	0.525	0.529	0.466	0.516	0.537	0.532	0.486	0.513	0.486	0.564	0.546	0.533	0.707	0.587	0.634	0.593	0.582	0.528	0.482	0.48	0.608	0.623	0.43	0.452	0.553	0.612	0.604	0.513	0.703	0.445	0.675	0.529	0.592	0.673	0.62	0.553	0.61	0.474	0.51	0.535	0.523	0.575	0.644	0.493
SRR521173	0.457	0.491	0.454	0.0	0.469	0.501	0.466	0.444	0.462	0.401	0.482	0.577	0.476	0.48	0.557	0.395	0.356	0.524	0.449	0.508	0.472	0.358	0.514	0.459	0.473	0.496	0.46	0.462	0.482	0.458	0.433	0.502	0.539	0.535	0.642	0.476	0.619	0.484	0.619	0.634	0.578	0.547	0.593	0.541	0.58	0.648	0.481	0.546	0.546	0.537	0.506	0.619	0.581	0.552	0.41	0.397	0.515	0.584	0.588	0.627	0.745	0.698	0.702	0.652	0.624	0.551	0.552	0.527	0.667	0.695	0.521	0.521	0.629	0.72	0.663	0.594	0.744	0.457	0.748	0.595	0.605	0.754	0.699	0.572	0.632	0.506	0.55	0.589	0.577	0.581	0.679	0.575
SRR521174	0.426	0.439	0.462	0.469	0.0	0.464	0.516	0.378	0.418	0.409	0.499	0.664	0.455	0.311	0.513	0.442	0.438	0.471	0.334	0.522	0.446	0.526	0.415	0.463	0.417	0.44	0.436	0.389	0.465	0.461	0.337	0.439	0.51	0.456	0.575	0.555	0.569	0.564	0.562	0.561	0.53	0.451	0.597	0.516	0.563	0.59	0.403	0.471	0.549	0.521	0.472	0.554	0.543	0.555	0.54	0.539	0.418	0.623	0.531	0.558	0.726	0.627	0.688	0.562	0.544	0.502	0.497	0.367	0.564	0.647	0.464	0.432	0.56	0.68	0.588	0.52	0.724	0.39	0.722	0.552	0.569	0.719	0.658	0.532	0.573	0.441	0.504	0.495	0.515	0.565	0.581	0.479
SRR521175	0.504	0.521	0.529	0.501	0.464	0.0	0.402	0.388	0.43	0.442	0.509	0.66	0.4	0.455	0.503	0.443	0.476	0.561	0.498	0.531	0.389	0.524	0.461	0.534	0.522	0.375	0.44	0.474	0.452	0.394	0.485	0.559	0.626	0.479	0.709	0.546	0.704	0.581	0.696	0.701	0.62	0.528	0.644	0.589	0.64	0.729	0.497	0.505	0.588	0.6	0.573	0.691	0.658	0.616	0.526	0.549	0.529	0.696	0.62	0.671	0.782	0.755	0.776	0.711	0.7	0.626	0.637	0.485	0.719	0.736	0.603	0.534	0.646	0.756	0.717	0.635	0.793	0.445	0.781	0.683	0.668	0.775	0.716	0.649	0.681	0.564	0.575	0.621	0.621	0.656	0.741	0.607
SRR521176	0.511	0.507	0.517	0.466	0.516	0.402	0.0	0.418	0.438	0.482	0.525	0.595	0.385	0.509	0.547	0.458	0.45	0.607	0.491	0.496	0.426	0.506	0.49	0.531	0.515	0.353	0.407	0.481	0.436	0.348	0.494	0.56	0.613	0.555	0.682	0.528	0.662	0.518	0.67	0.673	0.581	0.544	0.651	0.605	0.589	0.68	0.542	0.564	0.607	0.564	0.591	0.656	0.646	0.588	0.497	0.482	0.558	0.641	0.615	0.648	0.738	0.762	0.752	0.695	0.666	0.628	0.592	0.551	0.68	0.694	0.578	0.514	0.641	0.733	0.681	0.611	0.741	0.458	0.767	0.644	0.628	0.745	0.702	0.626	0.689	0.555	0.555	0.608	0.611	0.644	0.706	0.588
SRR521177	0.413	0.442	0.45	0.444	0.378	0.388	0.418	0.0	0.322	0.362	0.452	0.618	0.381	0.4	0.433	0.397	0.398	0.508	0.412	0.507	0.315	0.479	0.37	0.473	0.45	0.381	0.349	0.441	0.358	0.383	0.404	0.462	0.522	0.444	0.615	0.514	0.617	0.527	0.601	0.603	0.538	0.458	0.605	0.53	0.573	0.636	0.39	0.479	0.543	0.519	0.513	0.595	0.569	0.555	0.508	0.509	0.452	0.631	0.539	0.594	0.742	0.666	0.715	0.636	0.639	0.523	0.538	0.382	0.657	0.682	0.51	0.439	0.591	0.676	0.647	0.555	0.735	0.362	0.722	0.595	0.588	0.728	0.656	0.58	0.615	0.467	0.513	0.561	0.55	0.568	0.693	0.505
SRR521178	0.468	0.504	0.5	0.462	0.418	0.43	0.438	0.322	0.0	0.399	0.521	0.636	0.421	0.43	0.499	0.433	0.419	0.565	0.44	0.535	0.308	0.484	0.417	0.497	0.482	0.423	0.34	0.453	0.316	0.414	0.442	0.502	0.567	0.472	0.692	0.514	0.667	0.563	0.666	0.674	0.543	0.475	0.631	0.581	0.584	0.717	0.453	0.481	0.566	0.561	0.557	0.671	0.612	0.567	0.495	0.502	0.482	0.68	0.576	0.629	0.779	0.724	0.76	0.698	0.665	0.566	0.595	0.42	0.698	0.71	0.564	0.491	0.61	0.733	0.692	0.612	0.754	0.408	0.769	0.657	0.622	0.756	0.677	0.628	0.645	0.487	0.528	0.607	0.607	0.595	0.712	0.547
SRR521179	0.387	0.404	0.426	0.401	0.409	0.442	0.482	0.362	0.399	0.0	0.459	0.636	0.439	0.415	0.457	0.349	0.331	0.496	0.434	0.507	0.404	0.42	0.402	0.422	0.371	0.45	0.41	0.406	0.442	0.42	0.4	0.408	0.469	0.432	0.569	0.514	0.554	0.525	0.561	0.565	0.498	0.477	0.609	0.536	0.554	0.597	0.385	0.465	0.549	0.536	0.52	0.563	0.498	0.532	0.491	0.522	0.417	0.595	0.493	0.531	0.705	0.657	0.681	0.591	0.588	0.503	0.507	0.421	0.601	0.637	0.454	0.407	0.543	0.656	0.599	0.494	0.7	0.346	0.698	0.549	0.562	0.66	0.614	0.544	0.587	0.458	0.448	0.504	0.495	0.552	0.649	0.479
SRR521180	0.522	0.537	0.541	0.482	0.499	0.509	0.525	0.452	0.521	0.459	0.0	0.556	0.5	0.503	0.38	0.462	0.462	0.565	0.508	0.514	0.509	0.544	0.383	0.57	0.56	0.494	0.507	0.531	0.533	0.478	0.488	0.577	0.649	0.498	0.707	0.515	0.704	0.559	0.686	0.692	0.58	0.518	0.671	0.598	0.585	0.715	0.516	0.514	0.592	0.566	0.591	0.69	0.693	0.55	0.5	0.511	0.585	0.667	0.656	0.68	0.759	0.77	0.78	0.707	0.727	0.644	0.632	0.549	0.723	0.742	0.604	0.548	0.639	0.764	0.723	0.626	0.777	0.452	0.781	0.67	0.642	0.744	0.706	0.66	0.719	0.614	0.603	0.672	0.68	0.684	0.761	0.592
SRR521181	0.657	0.671	0.654	0.577	0.664	0.66	0.595	0.618	0.636	0.636	0.556	0.0	0.653	0.658	0.635	0.65	0.617	0.689	0.645	0.552	0.642	0.553	0.595	0.662	0.693	0.647	0.609	0.618	0.637	0.615	0.66	0.722	0.742	0.653	0.798	0.549	0.793	0.519	0.78	0.785	0.671	0.656	0.71	0.697	0.652	0.796	0.723	0.665	0.665	0.622	0.679	0.78	0.79	0.61	0.558	0.535	0.75	0.709	0.76	0.765	0.799	0.843	0.821	0.785	0.797	0.738	0.726	0.764	0.809	0.791	0.718	0.728	0.732	0.828	0.783	0.729	0.821	0.631	0.815	0.751	0.689	0.809	0.787	0.739	0.773	0.731	0.72	0.766	0.778	0.735	0.796	0.709
SRR521182	0.466	0.466	0.479	0.476	0.455	0.4	0.385	0.381	0.421	0.439	0.5	0.653	0.0	0.469	0.496	0.42	0.43	0.535	0.468	0.522	0.408	0.51	0.454	0.469	0.469	0.352	0.384	0.48	0.423	0.345	0.452	0.509	0.555	0.496	0.64	0.522	0.635	0.549	0.622	0.623	0.536	0.475	0.631	0.548	0.566	0.661	0.474	0.514	0.565	0.53	0.533	0.613	0.597	0.556	0.509	0.519	0.484	0.642	0.551	0.603	0.704	0.707	0.71	0.653	0.622	0.577	0.538	0.48	0.657	0.672	0.535	0.444	0.58	0.682	0.653	0.581	0.705	0.383	0.715	0.606	0.601	0.705	0.642	0.594	0.64	0.491	0.505	0.573	0.559	0.601	0.68	0.53
SRR521183	0.437	0.433	0.47	0.48	0.311	0.455	0.509	0.4	0.43	0.415	0.503	0.658	0.469	0.0	0.5	0.467	0.453	0.491	0.347	0.54	0.462	0.562	0.435	0.461	0.41	0.443	0.459	0.38	0.483	0.467	0.352	0.48	0.54	0.463	0.594	0.561	0.603	0.581	0.557	0.577	0.521	0.467	0.59	0.509	0.56	0.618	0.426	0.474	0.55	0.556	0.465	0.594	0.554	0.544	0.55	0.546	0.453	0.652	0.56	0.573	0.75	0.655	0.704	0.571	0.574	0.535	0.513	0.423	0.607	0.676	0.47	0.454	0.599	0.715	0.613	0.533	0.75	0.408	0.749	0.556	0.604	0.734	0.682	0.577	0.622	0.492	0.533	0.542	0.551	0.613	0.636	0.495
SRR521184	0.508	0.5	0.532	0.557	0.513	0.503	0.547	0.433	0.499	0.457	0.38	0.635	0.496	0.5	0.0	0.503	0.472	0.561	0.535	0.526	0.512	0.583	0.314	0.537	0.528	0.504	0.534	0.547	0.541	0.516	0.527	0.567	0.632	0.508	0.68	0.596	0.706	0.591	0.668	0.667	0.591	0.528	0.656	0.576	0.607	0.696	0.492	0.53	0.586	0.61	0.582	0.664	0.668	0.595	0.546	0.584	0.574	0.71	0.649	0.661	0.779	0.751	0.771	0.702	0.711	0.636	0.611	0.509	0.724	0.742	0.574	0.529	0.644	0.744	0.713	0.61	0.777	0.453	0.77	0.668	0.647	0.759	0.696	0.666	0.731	0.589	0.593	0.656	0.656	0.699	0.772	0.576
SRR521185	0.422	0.457	0.466	0.395	0.442	0.443	0.458	0.397	0.433	0.349	0.462	0.65	0.42	0.467	0.503	0.0	0.353	0.529	0.464	0.519	0.422	0.43	0.431	0.48	0.459	0.456	0.424	0.457	0.439	0.415	0.441	0.452	0.508	0.463	0.627	0.541	0.583	0.544	0.602	0.615	0.51	0.474	0.624	0.55	0.53	0.633	0.428	0.489	0.577	0.502	0.548	0.621	0.55	0.513	0.506	0.504	0.465	0.623	0.546	0.592	0.705	0.705	0.714	0.644	0.625	0.533	0.552	0.468	0.641	0.67	0.526	0.453	0.581	0.685	0.632	0.542	0.729	0.41	0.725	0.603	0.587	0.706	0.649	0.56	0.601	0.488	0.494	0.56	0.543	0.581	0.688	0.525
SRR521186	0.422	0.445	0.448	0.356	0.438	0.476	0.45	0.398	0.419	0.331	0.462	0.617	0.43	0.453	0.472	0.353	0.0	0.522	0.426	0.523	0.413	0.371	0.419	0.468	0.439	0.468	0.438	0.448	0.43	0.422	0.408	0.449	0.473	0.476	0.616	0.483	0.578	0.488	0.592	0.611	0.526	0.487	0.633	0.566	0.534	0.636	0.389	0.502	0.578	0.526	0.529	0.609	0.524	0.516	0.43	0.46	0.426	0.605	0.507	0.578	0.716	0.683	0.718	0.652	0.617	0.552	0.547	0.439	0.65	0.686	0.505	0.434	0.58	0.685	0.638	0.539	0.735	0.392	0.721	0.589	0.587	0.706	0.635	0.579	0.587	0.489	0.461	0.552	0.534	0.602	0.695	0.492
SRR521187	0.463	0.472	0.467	0.524	0.471	0.561	0.607	0.508	0.565	0.496	0.565	0.689	0.535	0.491	0.561	0.529	0.522	0.0	0.541	0.58	0.548	0.598	0.528	0.516	0.467	0.565	0.543	0.534	0.565	0.562	0.519	0.482	0.547	0.427	0.522	0.571	0.572	0.604	0.543	0.528	0.604	0.464	0.466	0.34	0.643	0.607	0.473	0.474	0.407	0.611	0.349	0.501	0.573	0.612	0.561	0.593	0.47	0.633	0.607	0.596	0.77	0.508	0.599	0.61	0.627	0.544	0.503	0.453	0.655	0.686	0.457	0.493	0.536	0.595	0.68	0.58	0.764	0.51	0.688	0.527	0.673	0.72	0.589	0.601	0.623	0.504	0.592	0.583	0.576	0.604	0.67	0.536
SRR521188	0.476	0.463	0.48	0.449	0.334	0.498	0.491	0.412	0.44	0.434	0.508	0.645	0.468	0.347	0.535	0.464	0.426	0.541	0.0	0.538	0.47	0.482	0.471	0.496	0.442	0.473	0.436	0.365	0.479	0.479	0.314	0.511	0.58	0.497	0.643	0.511	0.651	0.511	0.628	0.635	0.521	0.508	0.611	0.548	0.54	0.655	0.5	0.512	0.565	0.521	0.518	0.626	0.609	0.521	0.5	0.497	0.515	0.634	0.575	0.59	0.737	0.71	0.734	0.619	0.613	0.575	0.571	0.496	0.634	0.683	0.53	0.489	0.598	0.712	0.64	0.577	0.745	0.428	0.752	0.606	0.619	0.743	0.688	0.606	0.66	0.526	0.543	0.573	0.566	0.635	0.658	0.518
SRR521189	0.554	0.535	0.565	0.508	0.522	0.531	0.496	0.507	0.535	0.507	0.514	0.552	0.522	0.54	0.526	0.519	0.523	0.58	0.538	0.0	0.518	0.546	0.5	0.579	0.568	0.5	0.516	0.551	0.552	0.507	0.516	0.631	0.689	0.555	0.739	0.578	0.725	0.552	0.723	0.73	0.607	0.537	0.662	0.599	0.591	0.749	0.607	0.541	0.595	0.583	0.61	0.705	0.73	0.579	0.536	0.529	0.613	0.715	0.698	0.719	0.781	0.806	0.787	0.727	0.727	0.687	0.654	0.615	0.735	0.756	0.625	0.602	0.678	0.782	0.718	0.678	0.777	0.53	0.797	0.704	0.676	0.771	0.735	0.688	0.739	0.638	0.632	0.705	0.698	0.714	0.764	0.636
SRR521190	0.462	0.485	0.461	0.472	0.446	0.389	0.426	0.315	0.308	0.404	0.509	0.642	0.408	0.462	0.512	0.422	0.413	0.548	0.47	0.518	0.0	0.502	0.441	0.491	0.486	0.404	0.336	0.461	0.339	0.386	0.453	0.515	0.563	0.47	0.673	0.498	0.651	0.54	0.659	0.665	0.546	0.492	0.643	0.581	0.566	0.694	0.464	0.49	0.576	0.544	0.561	0.653	0.602	0.562	0.499	0.499	0.479	0.663	0.584	0.632	0.754	0.73	0.745	0.681	0.675	0.573	0.603	0.445	0.679	0.692	0.573	0.498	0.612	0.715	0.677	0.606	0.756	0.434	0.755	0.65	0.629	0.737	0.676	0.626	0.629	0.501	0.537	0.604	0.583	0.577	0.699	0.554
SRR521191	0.489	0.494	0.501	0.358	0.526	0.524	0.506	0.479	0.484	0.42	0.544	0.553	0.51	0.562	0.583	0.43	0.371	0.598	0.482	0.546	0.502	0.0	0.534	0.486	0.476	0.54	0.475	0.49	0.495	0.502	0.496	0.547	0.574	0.545	0.67	0.483	0.653	0.458	0.653	0.653	0.58	0.547	0.642	0.591	0.583	0.681	0.545	0.555	0.59	0.543	0.577	0.646	0.608	0.557	0.417	0.449	0.571	0.604	0.612	0.641	0.733	0.73	0.729	0.689	0.676	0.592	0.595	0.578	0.685	0.707	0.579	0.573	0.646	0.726	0.679	0.623	0.74	0.465	0.754	0.626	0.618	0.747	0.697	0.617	0.657	0.543	0.59	0.607	0.6	0.598	0.716	0.594
SRR521192	0.45	0.484	0.515	0.514	0.415	0.461	0.49	0.37	0.417	0.402	0.383	0.595	0.454	0.435	0.314	0.431	0.419	0.528	0.471	0.5	0.441	0.534	0.0	0.508	0.497	0.441	0.485	0.488	0.476	0.46	0.462	0.511	0.578	0.445	0.649	0.548	0.632	0.554	0.634	0.626	0.52	0.467	0.666	0.571	0.55	0.678	0.427	0.476	0.568	0.525	0.545	0.621	0.62	0.541	0.515	0.529	0.523	0.672	0.582	0.599	0.718	0.719	0.736	0.662	0.655	0.574	0.571	0.439	0.666	0.688	0.524	0.475	0.577	0.708	0.668	0.559	0.724	0.382	0.737	0.611	0.598	0.702	0.64	0.609	0.651	0.537	0.552	0.598	0.604	0.646	0.707	0.499
SRR521193	0.396	0.389	0.397	0.459	0.463	0.534	0.531	0.473	0.497	0.422	0.57	0.662	0.469	0.461	0.537	0.48	0.468	0.516	0.496	0.579	0.491	0.486	0.508	0.0	0.358	0.527	0.461	0.455	0.498	0.518	0.487	0.473	0.507	0.492	0.551	0.536	0.576	0.539	0.538	0.548	0.53	0.499	0.563	0.475	0.565	0.571	0.489	0.524	0.507	0.519	0.48	0.523	0.559	0.545	0.513	0.53	0.517	0.607	0.536	0.543	0.716	0.642	0.651	0.594	0.574	0.532	0.474	0.491	0.596	0.652	0.425	0.456	0.576	0.661	0.606	0.527	0.712	0.427	0.715	0.503	0.586	0.72	0.647	0.549	0.629	0.469	0.511	0.54	0.546	0.586	0.66	0.517
SRR521194	0.329	0.329	0.34	0.473	0.417	0.522	0.515	0.45	0.482	0.371	0.56	0.693	0.469	0.41	0.528	0.459	0.439	0.467	0.442	0.568	0.486	0.476	0.497	0.358	0.0	0.494	0.472	0.452	0.493	0.491	0.429	0.415	0.449	0.493	0.467	0.527	0.52	0.523	0.469	0.461	0.49	0.502	0.563	0.465	0.528	0.52	0.414	0.52	0.521	0.526	0.469	0.449	0.481	0.524	0.496	0.531	0.422	0.561	0.474	0.493	0.67	0.585	0.618	0.528	0.515	0.483	0.409	0.437	0.554	0.582	0.386	0.378	0.529	0.614	0.569	0.456	0.668	0.383	0.661	0.458	0.554	0.664	0.611	0.489	0.566	0.43	0.466	0.455	0.455	0.543	0.591	0.472
SRR521195	0.464	0.49	0.503	0.496	0.44	0.375	0.353	0.381	0.423	0.45	0.494	0.647	0.352	0.443	0.504	0.456	0.468	0.565	0.473	0.5	0.404	0.54	0.441	0.527	0.494	0.0	0.39	0.48	0.42	0.317	0.461	0.559	0.617	0.519	0.686	0.541	0.677	0.573	0.675	0.673	0.573	0.496	0.643	0.604	0.595	0.698	0.493	0.518	0.604	0.556	0.577	0.655	0.649	0.594	0.516	0.5	0.52	0.652	0.606	0.65	0.735	0.745	0.749	0.674	0.666	0.611	0.591	0.468	0.676	0.696	0.571	0.497	0.631	0.73	0.68	0.617	0.744	0.392	0.751	0.65	0.646	0.732	0.69	0.64	0.685	0.556	0.568	0.617	0.605	0.645	0.686	0.576
SRR521196	0.451	0.475	0.46	0.46	0.436	0.44	0.407	0.349	0.34	0.41	0.507	0.609	0.384	0.459	0.534	0.424	0.438	0.543	0.436	0.516	0.336	0.475	0.485	0.461	0.472	0.39	0.0	0.454	0.346	0.4	0.451	0.495	0.538	0.481	0.627	0.486	0.611	0.527	0.615	0.607	0.532	0.481	0.622	0.545	0.565	0.657	0.485	0.509	0.551	0.529	0.536	0.61	0.584	0.546	0.485	0.479	0.472	0.613	0.565	0.588	0.719	0.686	0.695	0.643	0.636	0.567	0.54	0.483	0.644	0.66	0.504	0.469	0.582	0.674	0.635	0.582	0.706	0.413	0.691	0.59	0.583	0.692	0.646	0.58	0.642	0.469	0.531	0.569	0.579	0.548	0.661	0.533
SRR521197	0.433	0.451	0.437	0.462	0.389	0.474	0.481	0.441	0.453	0.406	0.531	0.618	0.48	0.38	0.547	0.457	0.448	0.534	0.365	0.551	0.461	0.49	0.488	0.455	0.452	0.48	0.454	0.0	0.478	0.476	0.387	0.485	0.534	0.492	0.628	0.509	0.621	0.531	0.602	0.608	0.51	0.511	0.611	0.563	0.541	0.635	0.48	0.526	0.577	0.498	0.525	0.617	0.585	0.545	0.495	0.487	0.512	0.618	0.555	0.582	0.731	0.669	0.714	0.598	0.603	0.54	0.557	0.488	0.617	0.668	0.526	0.491	0.588	0.688	0.61	0.54	0.744	0.415	0.733	0.589	0.605	0.708	0.669	0.582	0.622	0.499	0.509	0.55	0.554	0.599	0.642	0.511
SRR521198	0.481	0.507	0.476	0.482	0.465	0.452	0.436	0.358	0.316	0.442	0.533	0.637	0.423	0.483	0.541	0.439	0.43	0.565	0.479	0.552	0.339	0.495	0.476	0.498	0.493	0.42	0.346	0.478	0.0	0.42	0.475	0.535	0.567	0.504	0.673	0.506	0.654	0.534	0.644	0.655	0.56	0.48	0.632	0.573	0.587	0.678	0.483	0.513	0.56	0.559	0.526	0.661	0.611	0.567	0.499	0.492	0.514	0.662	0.582	0.65	0.761	0.72	0.735	0.684	0.681	0.587	0.592	0.462	0.691	0.708	0.567	0.518	0.62	0.707	0.686	0.612	0.76	0.446	0.743	0.641	0.645	0.725	0.693	0.636	0.629	0.536	0.537	0.621	0.597	0.601	0.72	0.565
SRR521199	0.473	0.505	0.491	0.458	0.461	0.394	0.348	0.383	0.414	0.42	0.478	0.615	0.345	0.467	0.516	0.415	0.422	0.562	0.479	0.507	0.386	0.502	0.46	0.518	0.491	0.317	0.4	0.476	0.42	0.0	0.449	0.529	0.578	0.491	0.677	0.505	0.666	0.531	0.668	0.672	0.559	0.484	0.642	0.59	0.57	0.683	0.488	0.494	0.594	0.542	0.565	0.658	0.626	0.542	0.48	0.483	0.497	0.648	0.592	0.647	0.727	0.748	0.739	0.681	0.65	0.595	0.581	0.489	0.674	0.696	0.567	0.502	0.622	0.73	0.672	0.604	0.73	0.402	0.754	0.637	0.629	0.73	0.678	0.607	0.653	0.537	0.534	0.592	0.585	0.625	0.701	0.567
SRR521200	0.456	0.455	0.447	0.433	0.337	0.485	0.494	0.404	0.442	0.4	0.488	0.66	0.452	0.352	0.527	0.441	0.408	0.519	0.314	0.516	0.453	0.496	0.462	0.487	0.429	0.461	0.451	0.387	0.475	0.449	0.0	0.451	0.513	0.491	0.588	0.522	0.575	0.512	0.578	0.581	0.537	0.498	0.618	0.533	0.537	0.606	0.43	0.514	0.567	0.54	0.52	0.589	0.549	0.537	0.494	0.502	0.452	0.622	0.531	0.575	0.734	0.651	0.694	0.575	0.556	0.52	0.523	0.447	0.582	0.664	0.503	0.444	0.582	0.679	0.591	0.516	0.738	0.417	0.724	0.574	0.584	0.708	0.66	0.569	0.604	0.482	0.485	0.52	0.524	0.599	0.618	0.499
SRR521201	0.439	0.458	0.465	0.502	0.439	0.559	0.56	0.462	0.502	0.408	0.577	0.722	0.509	0.48	0.567	0.452	0.449	0.482	0.511	0.631	0.515	0.547	0.511	0.473	0.415	0.559	0.495	0.485	0.535	0.529	0.451	0.0	0.268	0.51	0.394	0.596	0.34	0.61	0.338	0.362	0.522	0.539	0.613	0.496	0.58	0.429	0.294	0.557	0.569	0.571	0.508	0.367	0.276	0.583	0.578	0.619	0.293	0.602	0.334	0.391	0.614	0.458	0.567	0.419	0.413	0.297	0.317	0.301	0.441	0.522	0.353	0.287	0.465	0.529	0.48	0.361	0.607	0.445	0.62	0.379	0.474	0.585	0.492	0.382	0.427	0.277	0.341	0.34	0.362	0.39	0.495	0.35
SRR521202	0.488	0.515	0.503	0.539	0.51	0.626	0.613	0.522	0.567	0.469	0.649	0.742	0.555	0.54	0.632	0.508	0.473	0.547	0.58	0.689	0.563	0.574	0.578	0.507	0.449	0.617	0.538	0.534	0.567	0.578	0.513	0.268	0.0	0.581	0.363	0.631	0.25	0.612	0.304	0.349	0.5	0.593	0.665	0.57	0.571	0.383	0.353	0.622	0.64	0.589	0.588	0.361	0.245	0.578	0.628	0.65	0.308	0.574	0.312	0.378	0.575	0.425	0.535	0.39	0.358	0.31	0.348	0.361	0.394	0.477	0.389	0.331	0.476	0.497	0.424	0.327	0.567	0.516	0.589	0.371	0.438	0.528	0.446	0.343	0.367	0.285	0.334	0.327	0.336	0.361	0.445	0.413
SRR521203	0.468	0.47	0.477	0.535	0.456	0.479	0.555	0.444	0.472	0.432	0.498	0.653	0.496	0.463	0.508	0.463	0.476	0.427	0.497	0.555	0.47	0.545	0.445	0.492	0.493	0.519	0.481	0.492	0.504	0.491	0.491	0.51	0.581	0.0	0.622	0.518	0.63	0.546	0.614	0.598	0.528	0.314	0.498	0.447	0.563	0.644	0.477	0.312	0.459	0.543	0.438	0.594	0.634	0.546	0.544	0.545	0.531	0.641	0.58	0.553	0.725	0.641	0.676	0.639	0.655	0.574	0.55	0.468	0.66	0.656	0.528	0.478	0.479	0.652	0.647	0.538	0.716	0.439	0.678	0.58	0.619	0.664	0.578	0.598	0.63	0.534	0.546	0.587	0.583	0.641	0.698	0.494
SRR521204	0.52	0.524	0.536	0.642	0.575	0.709	0.682	0.615	0.692	0.569	0.707	0.798	0.64	0.594	0.68	0.627	0.616	0.522	0.643	0.739	0.673	0.67	0.649	0.551	0.467	0.686	0.627	0.628	0.673	0.677	0.588	0.394	0.363	0.622	0.0	0.668	0.33	0.648	0.269	0.3	0.558	0.649	0.685	0.56	0.637	0.337	0.474	0.672	0.656	0.635	0.583	0.227	0.324	0.644	0.687	0.695	0.422	0.543	0.423	0.422	0.584	0.431	0.524	0.402	0.439	0.39	0.354	0.47	0.436	0.482	0.363	0.406	0.523	0.493	0.486	0.438	0.592	0.577	0.574	0.385	0.503	0.565	0.512	0.421	0.474	0.42	0.484	0.401	0.411	0.46	0.504	0.462
SRR521205	0.516	0.537	0.515	0.476	0.555	0.546	0.528	0.514	0.514	0.514	0.515	0.549	0.522	0.561	0.596	0.541	0.483	0.571	0.511	0.578	0.498	0.483	0.548	0.536	0.527	0.541	0.486	0.509	0.506	0.505	0.522	0.596	0.631	0.518	0.668	0.0	0.691	0.367	0.656	0.657	0.553	0.534	0.609	0.6	0.557	0.684	0.602	0.548	0.552	0.516	0.544	0.641	0.669	0.519	0.367	0.385	0.578	0.577	0.635	0.632	0.73	0.726	0.733	0.697	0.689	0.642	0.583	0.59	0.709	0.698	0.557	0.569	0.603	0.723	0.7	0.645	0.739	0.473	0.766	0.612	0.671	0.733	0.67	0.664	0.715	0.595	0.613	0.646	0.633	0.673	0.737	0.575
SRR521206	0.531	0.577	0.551	0.619	0.569	0.704	0.662	0.617	0.667	0.554	0.704	0.793	0.635	0.603	0.706	0.583	0.578	0.572	0.651	0.725	0.651	0.653	0.632	0.576	0.52	0.677	0.611	0.621	0.654	0.666	0.575	0.34	0.25	0.63	0.33	0.691	0.0	0.657	0.244	0.289	0.557	0.636	0.705	0.593	0.624	0.296	0.471	0.663	0.681	0.643	0.631	0.313	0.256	0.631	0.689	0.701	0.397	0.575	0.393	0.392	0.542	0.414	0.499	0.366	0.362	0.341	0.341	0.462	0.371	0.431	0.423	0.392	0.487	0.445	0.393	0.403	0.518	0.584	0.572	0.368	0.431	0.491	0.445	0.376	0.41	0.373	0.417	0.353	0.388	0.389	0.443	0.47
SRR521207	0.522	0.522	0.5	0.484	0.564	0.581	0.518	0.527	0.563	0.525	0.559	0.519	0.549	0.581	0.591	0.544	0.488	0.604	0.511	0.552	0.54	0.458	0.554	0.539	0.523	0.573	0.527	0.531	0.534	0.531	0.512	0.61	0.612	0.546	0.648	0.367	0.657	0.0	0.636	0.65	0.544	0.551	0.632	0.592	0.551	0.649	0.619	0.566	0.56	0.543	0.555	0.624	0.651	0.523	0.384	0.381	0.609	0.587	0.631	0.624	0.731	0.717	0.714	0.681	0.669	0.641	0.58	0.639	0.668	0.699	0.557	0.586	0.63	0.708	0.677	0.619	0.733	0.467	0.734	0.599	0.657	0.733	0.69	0.646	0.703	0.598	0.597	0.628	0.62	0.677	0.716	0.59
SRR521208	0.502	0.514	0.528	0.619	0.562	0.696	0.67	0.601	0.666	0.561	0.686	0.78	0.622	0.557	0.668	0.602	0.592	0.543	0.628	0.723	0.659	0.653	0.634	0.538	0.469	0.675	0.615	0.602	0.644	0.668	0.578	0.338	0.304	0.614	0.269	0.656	0.244	0.636	0.0	0.234	0.523	0.62	0.678	0.555	0.623	0.259	0.456	0.646	0.649	0.626	0.578	0.265	0.27	0.604	0.656	0.681	0.393	0.519	0.374	0.379	0.506	0.411	0.496	0.339	0.37	0.365	0.281	0.464	0.378	0.404	0.348	0.381	0.507	0.436	0.404	0.386	0.512	0.544	0.554	0.297	0.458	0.517	0.466	0.37	0.425	0.405	0.423	0.346	0.357	0.407	0.457	0.386
SRR521209	0.523	0.506	0.521	0.634	0.561	0.701	0.673	0.603	0.674	0.565	0.692	0.785	0.623	0.577	0.667	0.615	0.611	0.528	0.635	0.73	0.665	0.653	0.626	0.548	0.461	0.673	0.607	0.608	0.655	0.672	0.581	0.362	0.349	0.598	0.3	0.657	0.289	0.65	0.234	0.0	0.53	0.639	0.683	0.561	0.62	0.285	0.462	0.65	0.65	0.612	0.578	0.263	0.317	0.611	0.673	0.694	0.409	0.517	0.395	0.372	0.52	0.421	0.471	0.349	0.376	0.388	0.294	0.452	0.388	0.395	0.361	0.4	0.478	0.426	0.425	0.397	0.501	0.547	0.541	0.317	0.425	0.496	0.443	0.379	0.436	0.418	0.462	0.356	0.382	0.4	0.46	0.418
SRR521211	0.512	0.513	0.515	0.578	0.53	0.62	0.581	0.538	0.543	0.498	0.58	0.671	0.536	0.521	0.591	0.51	0.526	0.604	0.521	0.607	0.546	0.58	0.52	0.53	0.49	0.573	0.532	0.51	0.56	0.559	0.537	0.522	0.5	0.528	0.558	0.553	0.557	0.544	0.523	0.53	0.0	0.557	0.663	0.604	0.404	0.595	0.547	0.571	0.628	0.389	0.561	0.544	0.547	0.395	0.577	0.563	0.536	0.616	0.5	0.464	0.625	0.648	0.686	0.582	0.578	0.564	0.518	0.575	0.594	0.57	0.51	0.479	0.501	0.638	0.601	0.498	0.598	0.492	0.694	0.534	0.548	0.6	0.545	0.555	0.624	0.538	0.486	0.543	0.516	0.617	0.642	0.435
SRR521212	0.466	0.488	0.49	0.547	0.451	0.528	0.544	0.458	0.475	0.477	0.518	0.656	0.475	0.467	0.528	0.474	0.487	0.464	0.508	0.537	0.492	0.547	0.467	0.499	0.502	0.496	0.481	0.511	0.48	0.484	0.498	0.539	0.593	0.314	0.649	0.534	0.636	0.551	0.62	0.639	0.557	0.0	0.486	0.431	0.58	0.664	0.508	0.295	0.444	0.565	0.459	0.621	0.645	0.567	0.551	0.549	0.524	0.655	0.619	0.608	0.727	0.675	0.674	0.66	0.663	0.6	0.551	0.511	0.667	0.685	0.532	0.506	0.54	0.671	0.649	0.594	0.731	0.453	0.695	0.594	0.643	0.696	0.617	0.622	0.672	0.555	0.568	0.615	0.615	0.653	0.703	0.529
SRR521213	0.576	0.586	0.567	0.593	0.597	0.644	0.651	0.605	0.631	0.609	0.671	0.71	0.631	0.59	0.656	0.624	0.633	0.466	0.611	0.662	0.643	0.642	0.666	0.563	0.563	0.643	0.622	0.611	0.632	0.642	0.618	0.613	0.665	0.498	0.685	0.609	0.705	0.632	0.678	0.683	0.663	0.486	0.0	0.377	0.673	0.724	0.64	0.53	0.375	0.651	0.416	0.656	0.697	0.649	0.595	0.619	0.622	0.7	0.696	0.695	0.839	0.682	0.699	0.698	0.712	0.666	0.617	0.634	0.736	0.776	0.587	0.635	0.645	0.719	0.738	0.658	0.837	0.632	0.749	0.648	0.744	0.8	0.728	0.703	0.747	0.636	0.682	0.682	0.677	0.708	0.75	0.657
SRR521214	0.496	0.48	0.507	0.541	0.516	0.589	0.605	0.53	0.581	0.536	0.598	0.697	0.548	0.509	0.576	0.55	0.566	0.34	0.548	0.599	0.581	0.591	0.571	0.475	0.465	0.604	0.545	0.563	0.573	0.59	0.533	0.496	0.57	0.447	0.56	0.6	0.593	0.592	0.555	0.561	0.604	0.431	0.377	0.0	0.644	0.596	0.517	0.468	0.315	0.636	0.327	0.527	0.599	0.61	0.556	0.603	0.507	0.634	0.608	0.596	0.766	0.595	0.609	0.591	0.608	0.59	0.496	0.524	0.634	0.692	0.474	0.5	0.555	0.623	0.659	0.591	0.762	0.521	0.684	0.51	0.655	0.724	0.627	0.598	0.67	0.538	0.599	0.57	0.582	0.602	0.659	0.586
SRR521215	0.553	0.554	0.538	0.58	0.563	0.64	0.589	0.573	0.584	0.554	0.585	0.652	0.566	0.56	0.607	0.53	0.534	0.643	0.54	0.591	0.566	0.583	0.55	0.565	0.528	0.595	0.565	0.541	0.587	0.57	0.537	0.58	0.571	0.563	0.637	0.557	0.624	0.551	0.623	0.62	0.404	0.58	0.673	0.644	0.0	0.62	0.61	0.595	0.627	0.387	0.617	0.622	0.629	0.351	0.589	0.549	0.591	0.627	0.587	0.566	0.632	0.711	0.695	0.633	0.626	0.607	0.571	0.611	0.642	0.626	0.577	0.57	0.556	0.679	0.631	0.57	0.624	0.537	0.708	0.598	0.587	0.656	0.614	0.564	0.643	0.578	0.56	0.589	0.582	0.622	0.653	0.538
SRR521216	0.559	0.552	0.552	0.648	0.59	0.729	0.68	0.636	0.717	0.597	0.715	0.796	0.661	0.618	0.696	0.633	0.636	0.607	0.655	0.749	0.694	0.681	0.678	0.571	0.52	0.698	0.657	0.635	0.678	0.683	0.606	0.429	0.383	0.644	0.337	0.684	0.296	0.649	0.259	0.285	0.595	0.664	0.724	0.596	0.62	0.0	0.547	0.678	0.68	0.623	0.639	0.296	0.358	0.645	0.696	0.684	0.506	0.479	0.438	0.427	0.455	0.451	0.483	0.346	0.367	0.399	0.337	0.513	0.339	0.376	0.435	0.454	0.545	0.408	0.391	0.433	0.462	0.593	0.524	0.352	0.432	0.518	0.496	0.364	0.428	0.45	0.465	0.365	0.394	0.4	0.427	0.458
SRR521217	0.406	0.433	0.47	0.481	0.403	0.497	0.542	0.39	0.453	0.385	0.516	0.723	0.474	0.426	0.492	0.428	0.389	0.473	0.5	0.607	0.464	0.545	0.427	0.489	0.414	0.493	0.485	0.48	0.483	0.488	0.43	0.294	0.353	0.477	0.474	0.602	0.471	0.619	0.456	0.462	0.547	0.508	0.64	0.517	0.61	0.547	0.0	0.526	0.593	0.577	0.516	0.466	0.386	0.612	0.583	0.611	0.317	0.646	0.425	0.48	0.709	0.536	0.634	0.536	0.522	0.409	0.423	0.253	0.564	0.632	0.411	0.328	0.534	0.603	0.601	0.443	0.71	0.39	0.689	0.474	0.538	0.676	0.584	0.475	0.452	0.361	0.406	0.439	0.458	0.519	0.61	0.4
SRR521219	0.497	0.502	0.515	0.546	0.471	0.505	0.564	0.479	0.481	0.465	0.514	0.665	0.514	0.474	0.53	0.489	0.502	0.474	0.512	0.541	0.49	0.555	0.476	0.524	0.52	0.518	0.509	0.526	0.513	0.494	0.514	0.557	0.622	0.312	0.672	0.548	0.663	0.566	0.646	0.65	0.571	0.295	0.53	0.468	0.595	0.678	0.526	0.0	0.452	0.589	0.473	0.64	0.676	0.575	0.556	0.555	0.561	0.693	0.631	0.628	0.746	0.7	0.703	0.678	0.689	0.616	0.59	0.525	0.683	0.692	0.577	0.534	0.545	0.681	0.685	0.605	0.75	0.484	0.711	0.631	0.648	0.709	0.633	0.633	0.676	0.578	0.588	0.639	0.632	0.673	0.738	0.549
SRR521220	0.524	0.535	0.525	0.546	0.549	0.588	0.607	0.543	0.566	0.549	0.592	0.665	0.565	0.55	0.586	0.577	0.578	0.407	0.565	0.595	0.576	0.59	0.568	0.507	0.521	0.604	0.551	0.577	0.56	0.594	0.567	0.569	0.64	0.459	0.656	0.552	0.681	0.56	0.649	0.65	0.628	0.444	0.375	0.315	0.627	0.68	0.593	0.452	0.0	0.636	0.357	0.618	0.68	0.594	0.536	0.565	0.586	0.66	0.66	0.656	0.8	0.66	0.653	0.675	0.699	0.641	0.582	0.59	0.715	0.729	0.536	0.563	0.597	0.672	0.715	0.638	0.789	0.562	0.72	0.602	0.688	0.764	0.686	0.656	0.725	0.602	0.64	0.653	0.644	0.678	0.72	0.612
SRR521221	0.541	0.532	0.529	0.537	0.521	0.6	0.564	0.519	0.561	0.536	0.566	0.622	0.53	0.556	0.61	0.502	0.526	0.611	0.521	0.583	0.544	0.543	0.525	0.519	0.526	0.556	0.529	0.498	0.559	0.542	0.54	0.571	0.589	0.543	0.635	0.516	0.643	0.543	0.626	0.612	0.389	0.565	0.651	0.636	0.387	0.623	0.577	0.589	0.636	0.0	0.587	0.607	0.64	0.427	0.556	0.522	0.597	0.618	0.582	0.568	0.651	0.69	0.707	0.642	0.64	0.584	0.562	0.583	0.661	0.655	0.552	0.546	0.571	0.69	0.656	0.571	0.657	0.5	0.714	0.586	0.598	0.683	0.625	0.597	0.655	0.563	0.56	0.593	0.586	0.641	0.688	0.494
SRR521222	0.494	0.485	0.466	0.506	0.472	0.573	0.591	0.513	0.557	0.52	0.591	0.679	0.533	0.465	0.582	0.548	0.529	0.349	0.518	0.61	0.561	0.577	0.545	0.48	0.469	0.577	0.536	0.525	0.526	0.565	0.52	0.508	0.588	0.438	0.583	0.544	0.631	0.555	0.578	0.578	0.561	0.459	0.416	0.327	0.617	0.639	0.516	0.473	0.357	0.587	0.0	0.55	0.602	0.572	0.539	0.553	0.51	0.643	0.605	0.595	0.773	0.578	0.608	0.621	0.607	0.572	0.516	0.519	0.657	0.703	0.489	0.51	0.558	0.633	0.677	0.57	0.766	0.52	0.688	0.547	0.671	0.728	0.636	0.62	0.667	0.537	0.599	0.582	0.587	0.626	0.683	0.541
SRR521223	0.503	0.512	0.516	0.619	0.554	0.691	0.656	0.595	0.671	0.563	0.69	0.78	0.613	0.594	0.664	0.621	0.609	0.501	0.626	0.705	0.653	0.646	0.621	0.523	0.449	0.655	0.61	0.617	0.661	0.658	0.589	0.367	0.361	0.594	0.227	0.641	0.313	0.624	0.265	0.263	0.544	0.621	0.656	0.527	0.622	0.296	0.466	0.64	0.618	0.607	0.55	0.0	0.31	0.606	0.649	0.673	0.422	0.514	0.4	0.366	0.529	0.436	0.488	0.374	0.396	0.357	0.309	0.441	0.392	0.418	0.327	0.394	0.496	0.446	0.449	0.421	0.528	0.563	0.55	0.318	0.449	0.541	0.474	0.387	0.445	0.393	0.465	0.382	0.373	0.401	0.47	0.425
SRR521224	0.522	0.526	0.537	0.581	0.543	0.658	0.646	0.569	0.612	0.498	0.693	0.79	0.597	0.554	0.668	0.55	0.524	0.573	0.609	0.73	0.602	0.608	0.62	0.559	0.481	0.649	0.584	0.585	0.611	0.626	0.549	0.276	0.245	0.634	0.324	0.669	0.256	0.651	0.27	0.317	0.547	0.645	0.697	0.599	0.629	0.358	0.386	0.676	0.68	0.64	0.602	0.31	0.0	0.624	0.671	0.694	0.318	0.579	0.288	0.391	0.581	0.434	0.545	0.36	0.355	0.296	0.339	0.38	0.378	0.479	0.387	0.33	0.506	0.505	0.413	0.355	0.589	0.549	0.6	0.367	0.445	0.544	0.465	0.363	0.382	0.326	0.37	0.317	0.293	0.359	0.434	0.405
SRR521225	0.523	0.534	0.532	0.552	0.555	0.616	0.588	0.555	0.567	0.532	0.55	0.61	0.556	0.544	0.595	0.513	0.516	0.612	0.521	0.579	0.562	0.557	0.541	0.545	0.524	0.594	0.546	0.545	0.567	0.542	0.537	0.583	0.578	0.546	0.644	0.519	0.631	0.523	0.604	0.611	0.395	0.567	0.649	0.61	0.351	0.645	0.612	0.575	0.594	0.427	0.572	0.606	0.624	0.0	0.545	0.534	0.598	0.613	0.598	0.579	0.655	0.733	0.715	0.649	0.642	0.642	0.574	0.631	0.66	0.637	0.572	0.569	0.599	0.71	0.655	0.574	0.653	0.519	0.74	0.593	0.603	0.69	0.641	0.609	0.678	0.605	0.58	0.606	0.594	0.652	0.693	0.547
SRR521226	0.492	0.496	0.486	0.41	0.54	0.526	0.497	0.508	0.495	0.491	0.5	0.558	0.509	0.55	0.546	0.506	0.43	0.561	0.5	0.536	0.499	0.417	0.515	0.513	0.496	0.516	0.485	0.495	0.499	0.48	0.494	0.578	0.628	0.544	0.687	0.367	0.689	0.384	0.656	0.673	0.577	0.551	0.595	0.556	0.589	0.696	0.583	0.556	0.536	0.556	0.539	0.649	0.671	0.545	0.0	0.363	0.564	0.58	0.641	0.646	0.749	0.734	0.751	0.704	0.68	0.646	0.575	0.585	0.711	0.734	0.541	0.577	0.637	0.739	0.71	0.645	0.759	0.441	0.782	0.631	0.677	0.764	0.712	0.659	0.723	0.579	0.598	0.654	0.643	0.669	0.729	0.595
SRR521227	0.519	0.534	0.513	0.397	0.539	0.549	0.482	0.509	0.502	0.522	0.511	0.535	0.519	0.546	0.584	0.504	0.46	0.593	0.497	0.529	0.499	0.449	0.529	0.53	0.531	0.5	0.479	0.487	0.492	0.483	0.502	0.619	0.65	0.545	0.695	0.385	0.701	0.381	0.681	0.694	0.563	0.549	0.619	0.603	0.549	0.684	0.611	0.555	0.565	0.522	0.553	0.673	0.694	0.534	0.363	0.0	0.597	0.57	0.676	0.66	0.745	0.759	0.738	0.705	0.685	0.665	0.587	0.615	0.702	0.7	0.567	0.602	0.643	0.748	0.706	0.655	0.739	0.464	0.772	0.645	0.668	0.76	0.724	0.664	0.718	0.596	0.627	0.653	0.655	0.67	0.711	0.602
SRR521229	0.422	0.46	0.486	0.515	0.418	0.529	0.558	0.452	0.482	0.417	0.585	0.75	0.484	0.453	0.574	0.465	0.426	0.47	0.515	0.613	0.479	0.571	0.523	0.517	0.422	0.52	0.472	0.512	0.514	0.497	0.452	0.293	0.308	0.531	0.422	0.578	0.397	0.609	0.393	0.409	0.536	0.524	0.622	0.507	0.591	0.506	0.317	0.561	0.586	0.597	0.51	0.422	0.318	0.598	0.564	0.597	0.0	0.604	0.364	0.414	0.639	0.481	0.576	0.457	0.429	0.393	0.372	0.271	0.469	0.54	0.371	0.321	0.48	0.558	0.484	0.409	0.62	0.438	0.63	0.416	0.498	0.591	0.508	0.407	0.449	0.291	0.373	0.363	0.375	0.417	0.511	0.419
SRR521230	0.573	0.591	0.564	0.584	0.623	0.696	0.641	0.631	0.68	0.595	0.667	0.709	0.642	0.652	0.71	0.623	0.605	0.633	0.634	0.715	0.663	0.604	0.672	0.607	0.561	0.652	0.613	0.618	0.662	0.648	0.622	0.602	0.574	0.641	0.543	0.577	0.575	0.587	0.519	0.517	0.616	0.655	0.7	0.634	0.627	0.479	0.646	0.693	0.66	0.618	0.643	0.514	0.579	0.613	0.58	0.57	0.604	0.0	0.588	0.549	0.458	0.636	0.504	0.521	0.563	0.641	0.515	0.644	0.511	0.434	0.536	0.592	0.596	0.55	0.539	0.614	0.481	0.552	0.541	0.495	0.494	0.544	0.598	0.532	0.621	0.593	0.618	0.552	0.529	0.519	0.528	0.609
SRR521231	0.55	0.536	0.546	0.588	0.531	0.62	0.615	0.539	0.576	0.493	0.656	0.76	0.551	0.56	0.649	0.546	0.507	0.607	0.575	0.698	0.584	0.612	0.582	0.536	0.474	0.606	0.565	0.555	0.582	0.592	0.531	0.334	0.312	0.58	0.423	0.635	0.393	0.631	0.374	0.395	0.5	0.619	0.696	0.608	0.587	0.438	0.425	0.631	0.66	0.582	0.605	0.4	0.288	0.598	0.641	0.676	0.364	0.588	0.0	0.321	0.554	0.47	0.549	0.389	0.341	0.372	0.377	0.367	0.373	0.465	0.412	0.29	0.44	0.472	0.396	0.286	0.554	0.503	0.552	0.364	0.421	0.51	0.418	0.366	0.418	0.319	0.284	0.274	0.264	0.385	0.459	0.356
SRR521232	0.547	0.552	0.533	0.627	0.558	0.671	0.648	0.594	0.629	0.531	0.68	0.765	0.603	0.573	0.661	0.592	0.578	0.596	0.59	0.719	0.632	0.641	0.599	0.543	0.493	0.65	0.588	0.582	0.65	0.647	0.575	0.391	0.378	0.553	0.422	0.632	0.392	0.624	0.379	0.372	0.464	0.608	0.695	0.596	0.566	0.427	0.48	0.628	0.656	0.568	0.595	0.366	0.391	0.579	0.646	0.66	0.414	0.549	0.321	0.0	0.511	0.441	0.509	0.43	0.4	0.443	0.359	0.435	0.423	0.376	0.427	0.355	0.396	0.46	0.428	0.371	0.469	0.529	0.533	0.348	0.433	0.502	0.394	0.404	0.491	0.372	0.389	0.353	0.355	0.447	0.482	0.333
SRR521233	0.694	0.707	0.707	0.745	0.726	0.782	0.738	0.742	0.779	0.705	0.759	0.799	0.704	0.75	0.779	0.705	0.716	0.77	0.737	0.781	0.754	0.733	0.718	0.716	0.67	0.735	0.719	0.731	0.761	0.727	0.734	0.614	0.575	0.725	0.584	0.73	0.542	0.731	0.506	0.52	0.625	0.727	0.839	0.766	0.632	0.455	0.709	0.746	0.8	0.651	0.773	0.529	0.581	0.655	0.749	0.745	0.639	0.458	0.554	0.511	0.0	0.635	0.504	0.508	0.536	0.62	0.548	0.674	0.461	0.307	0.631	0.581	0.598	0.521	0.494	0.597	0.267	0.673	0.496	0.521	0.479	0.463	0.534	0.505	0.594	0.588	0.564	0.565	0.531	0.502	0.504	0.556
SRR521234	0.604	0.623	0.587	0.698	0.627	0.755	0.762	0.666	0.724	0.657	0.77	0.843	0.707	0.655	0.751	0.705	0.683	0.508	0.71	0.806	0.73	0.73	0.719	0.642	0.585	0.745	0.686	0.669	0.72	0.748	0.651	0.458	0.425	0.641	0.431	0.726	0.414	0.717	0.411	0.421	0.648	0.675	0.682	0.595	0.711	0.451	0.536	0.7	0.66	0.69	0.578	0.436	0.434	0.733	0.734	0.759	0.481	0.636	0.47	0.441	0.635	0.0	0.429	0.483	0.471	0.451	0.474	0.506	0.491	0.54	0.505	0.506	0.524	0.391	0.525	0.478	0.655	0.663	0.498	0.439	0.61	0.559	0.455	0.471	0.475	0.448	0.535	0.487	0.498	0.477	0.54	0.467
SRR521235	0.662	0.677	0.634	0.702	0.688	0.776	0.752	0.715	0.76	0.681	0.78	0.821	0.71	0.704	0.771	0.714	0.718	0.599	0.734	0.787	0.745	0.729	0.736	0.651	0.618	0.749	0.695	0.714	0.735	0.739	0.694	0.567	0.535	0.676	0.524	0.733	0.499	0.714	0.496	0.471	0.686	0.674	0.699	0.609	0.695	0.483	0.634	0.703	0.653	0.707	0.608	0.488	0.545	0.715	0.751	0.738	0.576	0.504	0.549	0.509	0.504	0.429	0.0	0.519	0.543	0.594	0.533	0.603	0.506	0.434	0.561	0.555	0.557	0.37	0.539	0.565	0.52	0.691	0.339	0.505	0.523	0.482	0.5	0.517	0.57	0.538	0.588	0.545	0.53	0.498	0.563	0.578
SRR521236	0.595	0.573	0.593	0.652	0.562	0.711	0.695	0.636	0.698	0.591	0.707	0.785	0.653	0.571	0.702	0.644	0.652	0.61	0.619	0.727	0.681	0.689	0.662	0.594	0.528	0.674	0.643	0.598	0.684	0.681	0.575	0.419	0.39	0.639	0.402	0.697	0.366	0.681	0.339	0.349	0.582	0.66	0.698	0.591	0.633	0.346	0.536	0.678	0.675	0.642	0.621	0.374	0.36	0.649	0.704	0.705	0.457	0.521	0.389	0.43	0.508	0.483	0.519	0.0	0.292	0.422	0.408	0.498	0.311	0.424	0.455	0.437	0.452	0.468	0.273	0.395	0.532	0.584	0.537	0.397	0.41	0.431	0.399	0.359	0.438	0.433	0.442	0.35	0.355	0.375	0.298	0.485
SRR521237	0.59	0.571	0.582	0.624	0.544	0.7	0.666	0.639	0.665	0.588	0.727	0.797	0.622	0.574	0.711	0.625	0.617	0.627	0.613	0.727	0.675	0.676	0.655	0.574	0.515	0.666	0.636	0.603	0.681	0.65	0.556	0.413	0.358	0.655	0.439	0.689	0.362	0.669	0.37	0.376	0.578	0.663	0.712	0.608	0.626	0.367	0.522	0.689	0.699	0.64	0.607	0.396	0.355	0.642	0.68	0.685	0.429	0.563	0.341	0.4	0.536	0.471	0.543	0.292	0.0	0.414	0.358	0.49	0.3	0.459	0.453	0.417	0.473	0.474	0.278	0.364	0.534	0.573	0.564	0.372	0.427	0.474	0.41	0.356	0.431	0.401	0.394	0.308	0.337	0.399	0.323	0.471
SRR521238	0.522	0.523	0.528	0.551	0.502	0.626	0.628	0.523	0.566	0.503	0.644	0.738	0.577	0.535	0.636	0.533	0.552	0.544	0.575	0.687	0.573	0.592	0.574	0.532	0.483	0.611	0.567	0.54	0.587	0.595	0.52	0.297	0.31	0.574	0.39	0.642	0.341	0.641	0.365	0.388	0.564	0.6	0.666	0.59	0.607	0.399	0.409	0.616	0.641	0.584	0.572	0.357	0.296	0.642	0.646	0.665	0.393	0.641	0.372	0.443	0.62	0.451	0.594	0.422	0.414	0.0	0.352	0.367	0.45	0.537	0.416	0.367	0.546	0.514	0.473	0.331	0.636	0.548	0.62	0.421	0.506	0.604	0.543	0.376	0.363	0.312	0.365	0.356	0.403	0.393	0.493	0.402
SRR521239	0.482	0.448	0.482	0.552	0.497	0.637	0.592	0.538	0.595	0.507	0.632	0.726	0.538	0.513	0.611	0.552	0.547	0.503	0.571	0.654	0.603	0.595	0.571	0.474	0.409	0.591	0.54	0.557	0.592	0.581	0.523	0.317	0.348	0.55	0.354	0.583	0.341	0.58	0.281	0.294	0.518	0.551	0.617	0.496	0.571	0.337	0.423	0.59	0.582	0.562	0.516	0.309	0.339	0.574	0.575	0.587	0.372	0.515	0.377	0.359	0.548	0.474	0.533	0.408	0.358	0.352	0.0	0.398	0.414	0.452	0.28	0.34	0.484	0.506	0.446	0.387	0.521	0.469	0.598	0.274	0.459	0.582	0.523	0.398	0.481	0.351	0.387	0.341	0.352	0.405	0.484	0.366
SRR521240	0.444	0.449	0.48	0.527	0.367	0.485	0.551	0.382	0.42	0.421	0.549	0.764	0.48	0.423	0.509	0.468	0.439	0.453	0.496	0.615	0.445	0.578	0.439	0.491	0.437	0.468	0.483	0.488	0.462	0.489	0.447	0.301	0.361	0.468	0.47	0.59	0.462	0.639	0.464	0.452	0.575	0.511	0.634	0.524	0.611	0.513	0.253	0.525	0.59	0.583	0.519	0.441	0.38	0.631	0.585	0.615	0.271	0.644	0.367	0.435	0.674	0.506	0.603	0.498	0.49	0.367	0.398	0.0	0.524	0.578	0.398	0.329	0.524	0.581	0.564	0.457	0.661	0.401	0.662	0.449	0.551	0.653	0.558	0.449	0.447	0.284	0.397	0.396	0.412	0.417	0.56	0.404
SRR521241	0.611	0.6	0.608	0.667	0.564	0.719	0.68	0.657	0.698	0.601	0.723	0.809	0.657	0.607	0.724	0.641	0.65	0.655	0.634	0.735	0.679	0.685	0.666	0.596	0.554	0.676	0.644	0.617	0.691	0.674	0.582	0.441	0.394	0.66	0.436	0.709	0.371	0.668	0.378	0.388	0.594	0.667	0.736	0.634	0.642	0.339	0.564	0.683	0.715	0.661	0.657	0.392	0.378	0.66	0.711	0.702	0.469	0.511	0.373	0.423	0.461	0.491	0.506	0.311	0.3	0.45	0.414	0.524	0.0	0.415	0.493	0.446	0.504	0.449	0.255	0.382	0.481	0.59	0.536	0.411	0.374	0.484	0.452	0.312	0.394	0.425	0.411	0.338	0.352	0.393	0.329	0.489
SRR521242	0.622	0.643	0.623	0.695	0.647	0.736	0.694	0.682	0.71	0.637	0.742	0.791	0.672	0.676	0.742	0.67	0.686	0.686	0.683	0.756	0.692	0.707	0.688	0.652	0.582	0.696	0.66	0.668	0.708	0.696	0.664	0.522	0.477	0.656	0.482	0.698	0.431	0.699	0.404	0.395	0.57	0.685	0.776	0.692	0.626	0.376	0.632	0.692	0.729	0.655	0.703	0.418	0.479	0.637	0.734	0.7	0.54	0.434	0.465	0.376	0.307	0.54	0.434	0.424	0.459	0.537	0.452	0.578	0.415	0.0	0.535	0.475	0.495	0.42	0.401	0.489	0.291	0.628	0.449	0.422	0.407	0.392	0.455	0.431	0.53	0.494	0.492	0.443	0.429	0.426	0.467	0.479
SRR521243	0.433	0.423	0.43	0.521	0.464	0.603	0.578	0.51	0.564	0.454	0.604	0.718	0.535	0.47	0.574	0.526	0.505	0.457	0.53	0.625	0.573	0.579	0.524	0.425	0.386	0.571	0.504	0.526	0.567	0.567	0.503	0.353	0.389	0.528	0.363	0.557	0.423	0.557	0.348	0.361	0.51	0.532	0.587	0.474	0.577	0.435	0.411	0.577	0.536	0.552	0.489	0.327	0.387	0.572	0.541	0.567	0.371	0.536	0.412	0.427	0.631	0.505	0.561	0.455	0.453	0.416	0.28	0.398	0.493	0.535	0.0	0.344	0.506	0.549	0.526	0.419	0.616	0.436	0.633	0.31	0.517	0.619	0.563	0.444	0.53	0.373	0.428	0.403	0.393	0.455	0.542	0.389
SRR521244	0.438	0.432	0.452	0.521	0.432	0.534	0.514	0.439	0.491	0.407	0.548	0.728	0.444	0.454	0.529	0.453	0.434	0.493	0.489	0.602	0.498	0.573	0.475	0.456	0.378	0.497	0.469	0.491	0.518	0.502	0.444	0.287	0.331	0.478	0.406	0.569	0.392	0.586	0.381	0.4	0.479	0.506	0.635	0.5	0.57	0.454	0.328	0.534	0.563	0.546	0.51	0.394	0.33	0.569	0.577	0.602	0.321	0.592	0.29	0.355	0.581	0.506	0.555	0.437	0.417	0.367	0.34	0.329	0.446	0.475	0.344	0.0	0.446	0.515	0.451	0.308	0.574	0.401	0.585	0.355	0.439	0.565	0.451	0.397	0.492	0.292	0.285	0.32	0.304	0.455	0.512	0.3
SRR521245	0.556	0.587	0.553	0.629	0.56	0.646	0.641	0.591	0.61	0.543	0.639	0.732	0.58	0.599	0.644	0.581	0.58	0.536	0.598	0.678	0.612	0.646	0.577	0.576	0.529	0.631	0.582	0.588	0.62	0.622	0.582	0.465	0.476	0.479	0.523	0.603	0.487	0.63	0.507	0.478	0.501	0.54	0.645	0.555	0.556	0.545	0.534	0.545	0.597	0.571	0.558	0.496	0.506	0.599	0.637	0.643	0.48	0.596	0.44	0.396	0.598	0.524	0.557	0.452	0.473	0.546	0.484	0.524	0.504	0.495	0.506	0.446	0.0	0.502	0.471	0.462	0.591	0.56	0.562	0.484	0.476	0.392	0.296	0.512	0.599	0.476	0.477	0.462	0.452	0.505	0.518	0.444
SRR521246	0.635	0.671	0.612	0.72	0.68	0.756	0.733	0.676	0.733	0.656	0.764	0.828	0.682	0.715	0.744	0.685	0.685	0.595	0.712	0.782	0.715	0.726	0.708	0.661	0.614	0.73	0.674	0.688	0.707	0.73	0.679	0.529	0.497	0.652	0.493	0.723	0.445	0.708	0.436	0.426	0.638	0.671	0.719	0.623	0.679	0.408	0.603	0.681	0.672	0.69	0.633	0.446	0.505	0.71	0.739	0.748	0.558	0.55	0.472	0.46	0.521	0.391	0.37	0.468	0.474	0.514	0.506	0.581	0.449	0.42	0.549	0.515	0.502	0.0	0.456	0.47	0.532	0.657	0.406	0.462	0.519	0.476	0.419	0.444	0.453	0.498	0.485	0.489	0.485	0.489	0.534	0.506
SRR521247	0.614	0.624	0.604	0.663	0.588	0.717	0.681	0.647	0.692	0.599	0.723	0.783	0.653	0.613	0.713	0.632	0.638	0.68	0.64	0.718	0.677	0.679	0.668	0.606	0.569	0.68	0.635	0.61	0.686	0.672	0.591	0.48	0.424	0.647	0.486	0.7	0.393	0.677	0.404	0.425	0.601	0.649	0.738	0.659	0.631	0.391	0.601	0.685	0.715	0.656	0.677	0.449	0.413	0.655	0.71	0.706	0.484	0.539	0.396	0.428	0.494	0.525	0.539	0.273	0.278	0.473	0.446	0.564	0.255	0.401	0.526	0.451	0.471	0.456	0.0	0.398	0.511	0.609	0.545	0.439	0.408	0.448	0.416	0.345	0.423	0.466	0.408	0.381	0.378	0.423	0.319	0.498
SRR521248	0.519	0.518	0.513	0.594	0.52	0.635	0.611	0.555	0.612	0.494	0.626	0.729	0.581	0.533	0.61	0.542	0.539	0.58	0.577	0.678	0.606	0.623	0.559	0.527	0.456	0.617	0.582	0.54	0.612	0.604	0.516	0.361	0.327	0.538	0.438	0.645	0.403	0.619	0.386	0.397	0.498	0.594	0.658	0.591	0.57	0.433	0.443	0.605	0.638	0.571	0.57	0.421	0.355	0.574	0.645	0.655	0.409	0.614	0.286	0.371	0.597	0.478	0.565	0.395	0.364	0.331	0.387	0.457	0.382	0.489	0.419	0.308	0.462	0.47	0.398	0.0	0.598	0.517	0.552	0.395	0.412	0.514	0.451	0.375	0.41	0.366	0.312	0.327	0.315	0.454	0.475	0.342
SRR521249	0.715	0.715	0.703	0.744	0.724	0.793	0.741	0.735	0.754	0.7	0.777	0.821	0.705	0.75	0.777	0.729	0.735	0.764	0.745	0.777	0.756	0.74	0.724	0.712	0.668	0.744	0.706	0.744	0.76	0.73	0.738	0.607	0.567	0.716	0.592	0.739	0.518	0.733	0.512	0.501	0.598	0.731	0.837	0.762	0.624	0.462	0.71	0.75	0.789	0.657	0.766	0.528	0.589	0.653	0.759	0.739	0.62	0.481	0.554	0.469	0.267	0.655	0.52	0.532	0.534	0.636	0.521	0.661	0.481	0.291	0.616	0.574	0.591	0.532	0.511	0.598	0.0	0.681	0.53	0.502	0.472	0.456	0.537	0.523	0.627	0.594	0.589	0.549	0.522	0.513	0.54	0.56
SRR521250	0.391	0.382	0.445	0.457	0.39	0.445	0.458	0.362	0.408	0.346	0.452	0.631	0.383	0.408	0.453	0.41	0.392	0.51	0.428	0.53	0.434	0.465	0.382	0.427	0.383	0.392	0.413	0.415	0.446	0.402	0.417	0.445	0.516	0.439	0.577	0.473	0.584	0.467	0.544	0.547	0.492	0.453	0.632	0.521	0.537	0.593	0.39	0.484	0.562	0.5	0.52	0.563	0.549	0.519	0.441	0.464	0.438	0.552	0.503	0.529	0.673	0.663	0.691	0.584	0.573	0.548	0.469	0.401	0.59	0.628	0.436	0.401	0.56	0.657	0.609	0.517	0.681	0.0	0.695	0.522	0.568	0.666	0.615	0.556	0.614	0.474	0.476	0.521	0.519	0.586	0.634	0.468
SRR521252	0.698	0.717	0.675	0.748	0.722	0.781	0.767	0.722	0.769	0.698	0.781	0.815	0.715	0.749	0.77	0.725	0.721	0.688	0.752	0.797	0.755	0.754	0.737	0.715	0.661	0.751	0.691	0.733	0.743	0.754	0.724	0.62	0.589	0.678	0.574	0.766	0.572	0.734	0.554	0.541	0.694	0.695	0.749	0.684	0.708	0.524	0.689	0.711	0.72	0.714	0.688	0.55	0.6	0.74	0.782	0.772	0.63	0.541	0.552	0.533	0.496	0.498	0.339	0.537	0.564	0.62	0.598	0.662	0.536	0.449	0.633	0.585	0.562	0.406	0.545	0.552	0.53	0.695	0.0	0.558	0.55	0.463	0.506	0.532	0.582	0.581	0.588	0.579	0.581	0.53	0.566	0.602
SRR521253	0.523	0.503	0.529	0.595	0.552	0.683	0.644	0.595	0.657	0.549	0.67	0.751	0.606	0.556	0.668	0.603	0.589	0.527	0.606	0.704	0.65	0.626	0.611	0.503	0.458	0.65	0.59	0.589	0.641	0.637	0.574	0.379	0.371	0.58	0.385	0.612	0.368	0.599	0.297	0.317	0.534	0.594	0.648	0.51	0.598	0.352	0.474	0.631	0.602	0.586	0.547	0.318	0.367	0.593	0.631	0.645	0.416	0.495	0.364	0.348	0.521	0.439	0.505	0.397	0.372	0.421	0.274	0.449	0.411	0.422	0.31	0.355	0.484	0.462	0.439	0.395	0.502	0.522	0.558	0.0	0.468	0.564	0.49	0.402	0.474	0.392	0.439	0.325	0.349	0.422	0.481	0.363
SRR521254	0.588	0.602	0.592	0.605	0.569	0.668	0.628	0.588	0.622	0.562	0.642	0.689	0.601	0.604	0.647	0.587	0.587	0.673	0.619	0.676	0.629	0.618	0.598	0.586	0.554	0.646	0.583	0.605	0.645	0.629	0.584	0.474	0.438	0.619	0.503	0.671	0.431	0.657	0.458	0.425	0.548	0.643	0.744	0.655	0.587	0.432	0.538	0.648	0.688	0.598	0.671	0.449	0.445	0.603	0.677	0.668	0.498	0.494	0.421	0.433	0.479	0.61	0.523	0.41	0.427	0.506	0.459	0.551	0.374	0.407	0.517	0.439	0.476	0.519	0.408	0.412	0.472	0.568	0.55	0.468	0.0	0.48	0.459	0.373	0.503	0.467	0.439	0.408	0.398	0.407	0.449	0.492
SRR521255	0.67	0.714	0.673	0.754	0.719	0.775	0.745	0.728	0.756	0.66	0.744	0.809	0.705	0.734	0.759	0.706	0.706	0.72	0.743	0.771	0.737	0.747	0.702	0.72	0.664	0.732	0.692	0.708	0.725	0.73	0.708	0.585	0.528	0.664	0.565	0.733	0.491	0.733	0.517	0.496	0.6	0.696	0.8	0.724	0.656	0.518	0.676	0.709	0.764	0.683	0.728	0.541	0.544	0.69	0.764	0.76	0.591	0.544	0.51	0.502	0.463	0.559	0.482	0.431	0.474	0.604	0.582	0.653	0.484	0.392	0.619	0.565	0.392	0.476	0.448	0.514	0.456	0.666	0.463	0.564	0.48	0.0	0.347	0.545	0.602	0.569	0.544	0.538	0.498	0.537	0.464	0.57
SRR521256	0.616	0.657	0.62	0.699	0.658	0.716	0.702	0.656	0.677	0.614	0.706	0.787	0.642	0.682	0.696	0.649	0.635	0.589	0.688	0.735	0.676	0.697	0.64	0.647	0.611	0.69	0.646	0.669	0.693	0.678	0.66	0.492	0.446	0.578	0.512	0.67	0.445	0.69	0.466	0.443	0.545	0.617	0.728	0.627	0.614	0.496	0.584	0.633	0.686	0.625	0.636	0.474	0.465	0.641	0.712	0.724	0.508	0.598	0.418	0.394	0.534	0.455	0.5	0.399	0.41	0.543	0.523	0.558	0.452	0.455	0.563	0.451	0.296	0.419	0.416	0.451	0.537	0.615	0.506	0.49	0.459	0.347	0.0	0.49	0.532	0.473	0.468	0.464	0.425	0.465	0.454	0.479
SRR521257	0.537	0.545	0.553	0.572	0.532	0.649	0.626	0.58	0.628	0.544	0.66	0.739	0.594	0.577	0.666	0.56	0.579	0.601	0.606	0.688	0.626	0.617	0.609	0.549	0.489	0.64	0.58	0.582	0.636	0.607	0.569	0.382	0.343	0.598	0.421	0.664	0.376	0.646	0.37	0.379	0.555	0.622	0.703	0.598	0.564	0.364	0.475	0.633	0.656	0.597	0.62	0.387	0.363	0.609	0.659	0.664	0.407	0.532	0.366	0.404	0.505	0.471	0.517	0.359	0.356	0.376	0.398	0.449	0.312	0.431	0.444	0.397	0.512	0.444	0.345	0.375	0.523	0.556	0.532	0.402	0.373	0.545	0.49	0.0	0.327	0.371	0.382	0.348	0.362	0.365	0.399	0.437
SRR521258	0.579	0.621	0.61	0.632	0.573	0.681	0.689	0.615	0.645	0.587	0.719	0.773	0.64	0.622	0.731	0.601	0.587	0.623	0.66	0.739	0.629	0.657	0.651	0.629	0.566	0.685	0.642	0.622	0.629	0.653	0.604	0.427	0.367	0.63	0.474	0.715	0.41	0.703	0.425	0.436	0.624	0.672	0.747	0.67	0.643	0.428	0.452	0.676	0.725	0.655	0.667	0.445	0.382	0.678	0.723	0.718	0.449	0.621	0.418	0.491	0.594	0.475	0.57	0.438	0.431	0.363	0.481	0.447	0.394	0.53	0.53	0.492	0.599	0.453	0.423	0.41	0.627	0.614	0.582	0.474	0.503	0.602	0.532	0.327	0.0	0.408	0.408	0.441	0.45	0.411	0.455	0.484
SRR521259	0.454	0.477	0.474	0.506	0.441	0.564	0.555	0.467	0.487	0.458	0.614	0.731	0.491	0.492	0.589	0.488	0.489	0.504	0.526	0.638	0.501	0.543	0.537	0.469	0.43	0.556	0.469	0.499	0.536	0.537	0.482	0.277	0.285	0.534	0.42	0.595	0.373	0.598	0.405	0.418	0.538	0.555	0.636	0.538	0.578	0.45	0.361	0.578	0.602	0.563	0.537	0.393	0.326	0.605	0.579	0.596	0.291	0.593	0.319	0.372	0.588	0.448	0.538	0.433	0.401	0.312	0.351	0.284	0.425	0.494	0.373	0.292	0.476	0.498	0.466	0.366	0.594	0.474	0.581	0.392	0.467	0.569	0.473	0.371	0.408	0.0	0.321	0.337	0.346	0.35	0.487	0.362
SRR521260	0.523	0.499	0.51	0.55	0.504	0.575	0.555	0.513	0.528	0.448	0.603	0.72	0.505	0.533	0.593	0.494	0.461	0.592	0.543	0.632	0.537	0.59	0.552	0.511	0.466	0.568	0.531	0.509	0.537	0.534	0.485	0.341	0.334	0.546	0.484	0.613	0.417	0.597	0.423	0.462	0.486	0.568	0.682	0.599	0.56	0.465	0.406	0.588	0.64	0.56	0.599	0.465	0.37	0.58	0.598	0.627	0.373	0.618	0.284	0.389	0.564	0.535	0.588	0.442	0.394	0.365	0.387	0.397	0.411	0.492	0.428	0.285	0.477	0.485	0.408	0.312	0.589	0.476	0.588	0.439	0.439	0.544	0.468	0.382	0.408	0.321	0.0	0.339	0.321	0.444	0.502	0.356
SRR521261	0.544	0.498	0.535	0.589	0.495	0.621	0.608	0.561	0.607	0.504	0.672	0.766	0.573	0.542	0.656	0.56	0.552	0.583	0.573	0.705	0.604	0.607	0.598	0.54	0.455	0.617	0.569	0.55	0.621	0.592	0.52	0.34	0.327	0.587	0.401	0.646	0.353	0.628	0.346	0.356	0.543	0.615	0.682	0.57	0.589	0.365	0.439	0.639	0.653	0.593	0.582	0.382	0.317	0.606	0.654	0.653	0.363	0.552	0.274	0.353	0.565	0.487	0.545	0.35	0.308	0.356	0.341	0.396	0.338	0.443	0.403	0.32	0.462	0.489	0.381	0.327	0.549	0.521	0.579	0.325	0.408	0.538	0.464	0.348	0.441	0.337	0.339	0.0	0.254	0.381	0.445	0.394
SRR521262	0.535	0.521	0.523	0.577	0.515	0.621	0.611	0.55	0.607	0.495	0.68	0.778	0.559	0.551	0.656	0.543	0.534	0.576	0.566	0.698	0.583	0.6	0.604	0.546	0.455	0.605	0.579	0.554	0.597	0.585	0.524	0.362	0.336	0.583	0.411	0.633	0.388	0.62	0.357	0.382	0.516	0.615	0.677	0.582	0.582	0.394	0.458	0.632	0.644	0.586	0.587	0.373	0.293	0.594	0.643	0.655	0.375	0.529	0.264	0.355	0.531	0.498	0.53	0.355	0.337	0.403	0.352	0.412	0.352	0.429	0.393	0.304	0.452	0.485	0.378	0.315	0.522	0.519	0.581	0.349	0.398	0.498	0.425	0.362	0.45	0.346	0.321	0.254	0.0	0.392	0.427	0.372
SRR521263	0.577	0.591	0.575	0.581	0.565	0.656	0.644	0.568	0.595	0.552	0.684	0.735	0.601	0.613	0.699	0.581	0.602	0.604	0.635	0.714	0.577	0.598	0.646	0.586	0.543	0.645	0.548	0.599	0.601	0.625	0.599	0.39	0.361	0.641	0.46	0.673	0.389	0.677	0.407	0.4	0.617	0.653	0.708	0.602	0.622	0.4	0.519	0.673	0.678	0.641	0.626	0.401	0.359	0.652	0.669	0.67	0.417	0.519	0.385	0.447	0.502	0.477	0.498	0.375	0.399	0.393	0.405	0.417	0.393	0.426	0.455	0.455	0.505	0.489	0.423	0.454	0.513	0.586	0.53	0.422	0.407	0.537	0.465	0.365	0.411	0.35	0.444	0.381	0.392	0.0	0.399	0.516
SRR521264	0.636	0.645	0.644	0.679	0.581	0.741	0.706	0.693	0.712	0.649	0.761	0.796	0.68	0.636	0.772	0.688	0.695	0.67	0.658	0.764	0.699	0.716	0.707	0.66	0.591	0.686	0.661	0.642	0.72	0.701	0.618	0.495	0.445	0.698	0.504	0.737	0.443	0.716	0.457	0.46	0.642	0.703	0.75	0.659	0.653	0.427	0.61	0.738	0.72	0.688	0.683	0.47	0.434	0.693	0.729	0.711	0.511	0.528	0.459	0.482	0.504	0.54	0.563	0.298	0.323	0.493	0.484	0.56	0.329	0.467	0.542	0.512	0.518	0.534	0.319	0.475	0.54	0.634	0.566	0.481	0.449	0.464	0.454	0.399	0.455	0.487	0.502	0.445	0.427	0.399	0.0	0.567
SRR521265	0.492	0.497	0.493	0.575	0.479	0.607	0.588	0.505	0.547	0.479	0.592	0.709	0.53	0.495	0.576	0.525	0.492	0.536	0.518	0.636	0.554	0.594	0.499	0.517	0.472	0.576	0.533	0.511	0.565	0.567	0.499	0.35	0.413	0.494	0.462	0.575	0.47	0.59	0.386	0.418	0.435	0.529	0.657	0.586	0.538	0.458	0.4	0.549	0.612	0.494	0.541	0.425	0.405	0.547	0.595	0.602	0.419	0.609	0.356	0.333	0.556	0.467	0.578	0.485	0.471	0.402	0.366	0.404	0.489	0.479	0.389	0.3	0.444	0.506	0.498	0.342	0.56	0.468	0.602	0.363	0.492	0.57	0.479	0.437	0.484	0.362	0.356	0.394	0.372	0.516	0.567	0.0