# Constructed from biom file
#OTU ID	SRR515153	SRR518987	SRR521172	SRR521173	SRR521174	SRR521175	SRR521176	SRR521177	SRR521178	SRR521179	SRR521180	SRR521181	SRR521182	SRR521183	SRR521184	SRR521185	SRR521186	SRR521187	SRR521188	SRR521189	SRR521190	SRR521191	SRR521192	SRR521193	SRR521194	SRR521195	SRR521196	SRR521197	SRR521198	SRR521199	SRR521200	SRR521201	SRR521202	SRR521203	SRR521204	SRR521205	SRR521206	SRR521207	SRR521208	SRR521209	SRR521210	SRR521211	SRR521212	SRR521213	SRR521214	SRR521215	SRR521216	SRR521217	SRR521219	SRR521220	SRR521221	SRR521222	SRR521223	SRR521224	SRR521225	SRR521226	SRR521227	SRR521228	SRR521229	SRR521230	SRR521231	SRR521232	SRR521233	SRR521234	SRR521235	SRR521236	SRR521237	SRR521238	SRR521239	SRR521240	SRR521241	SRR521242	SRR521243	SRR521244	SRR521245	SRR521246	SRR521247	SRR521248	SRR521249	SRR521250	SRR521251	SRR521252	SRR521253	SRR521254	SRR521255	SRR521256	SRR521257	SRR521258	SRR521259	SRR521260	SRR521261	SRR521262	SRR521263	SRR521264	SRR521265
k__Bacteria;p__;c__;o__;f__	0.0	0.0	0.0	0.0	0.0	0.0	0.0	0.0	0.0	0.0	0.0	0.0	0.0	0.0	0.0	0.0	0.0	0.0	0.0	0.0	0.0	0.0	0.0	0.0	0.0	0.0	0.0	0.0	0.0	0.0	0.0	0.0	0.0	0.0	0.0	0.0	0.0	0.0	0.0	0.0	0.0	0.0	0.0	0.0	0.0	0.0	0.0	0.0	0.0	0.0	0.0	0.0	0.0	0.0	0.0	0.0	0.0	0.0	0.0	0.0	0.0	0.0	0.0	0.0	0.0	0.0	0.0	0.0	0.0	0.0	0.0	0.0	0.0	0.0	0.0	0.000808407437348	0.0	0.0	0.0	0.0	0.0	0.0	0.0	0.0	0.0	0.0	0.0	0.0	0.0	0.0	0.0	0.0	0.0	0.0	0.0
k__Bacteria;p__Actinobacteria;c__Acidimicrobiia;o__Acidimicrobiales;f__	0.0	0.0	0.0	0.0	0.0	0.0	0.0	0.0	0.0	0.0	0.0	0.0	0.0	0.0	0.0	0.0	0.0	0.0	0.0	0.0	0.0	0.0	0.0	0.0	0.0	0.0	0.0	0.0	0.0	0.0	0.0	0.0	0.0	0.0	0.000699300699301	0.0	0.0	0.0	0.0	0.0	0.0	0.0	0.0	0.0	0.0	0.0	0.0	0.0	0.0	0.0	0.0	0.0	0.0	0.0	0.0	0.0	0.0	0.0	0.0	0.0	0.0	0.0	0.0	0.0	0.0	0.0	0.0	0.0	0.0	0.0	0.0	0.0	0.0	0.0	0.0	0.0	0.0	0.0	0.0	0.0	0.0	0.0	0.0	0.0	0.0	0.0	0.0	0.0	0.0	0.0	0.0	0.0	0.0	0.0	0.0
k__Bacteria;p__Actinobacteria;c__Actinobacteria;o__Actinomycetales;f__	0.0	0.0	0.0	0.0	0.0	0.0	0.0	0.0	0.0	0.0	0.0	0.0	0.0	0.0	0.0	0.0	0.0	0.0	0.0	0.0	0.0	0.0	0.0	0.0	0.0	0.0	0.0	0.0	0.0	0.0	0.0	0.0	0.0	0.0	0.0	0.0	0.0	0.0	0.0	0.000526592943655	0.0	0.0	0.0	0.0	0.0	0.0	0.0	0.0	0.0	0.0	0.0	0.0	0.0	0.0	0.0	0.0	0.000442673749447	0.0	0.0	0.0	0.0	0.0	0.0	0.0	0.0	0.0	0.0	0.0	0.0	0.0	0.0	0.0	0.0	0.0	0.0	0.0	0.0	0.0	0.0	0.0	0.0	0.0	0.0	0.0	0.0	0.0	0.0	0.0	0.0	0.0	0.0	0.0	0.0	0.0	0.0
k__Bacteria;p__Actinobacteria;c__Actinobacteria;o__Actinomycetales;f__Micrococcaceae	0.0	0.0	0.0	0.0	0.0	0.0	0.0	0.0	0.0	0.0	0.0	0.0	0.0	0.0	0.0	0.0	0.0	0.0	0.0	0.0	0.0	0.0	0.0	0.0	0.0	0.0	0.0	0.0	0.0	0.0	0.0	0.0	0.0	0.0	0.0	0.0	0.0	0.0	0.0	0.0	0.0	0.0	0.0	0.0	0.0	0.0	0.0	0.0	0.0	0.0	0.0	0.0	0.0	0.0	0.0	0.0	0.0	0.0	0.0	0.0	0.0	0.0	0.0	0.0	0.0	0.0	0.0	0.0	0.0	0.0	0.0	0.0	0.0	0.0	0.0	0.0	0.0	0.0	0.0	0.0	0.0	0.0	0.0	0.0	0.0	0.0	0.0	0.0	0.0	0.0	0.0	0.0	0.0	0.0	0.000520291363163
k__Bacteria;p__Actinobacteria;c__Actinobacteria;o__Bifidobacteriales;f__Bifidobacteriaceae	0.0	0.0	0.0	0.0	0.0	0.0	0.000522466039707	0.0	0.0	0.0	0.0	0.0	0.00115207373272	0.0	0.0	0.0	0.0	0.0	0.0	0.0	0.0	0.0	0.0	0.000491883915396	0.000473260766682	0.0	0.0	0.0	0.0	0.0	0.0	0.0	0.0	0.0	0.0013986013986	0.0	0.0	0.0	0.0	0.00105318588731	0.0	0.0	0.0	0.0	0.0	0.0	0.00169971671388	0.0	0.0	0.0	0.0	0.0	0.0	0.0	0.0	0.0	0.0	0.0	0.0	0.0	0.0	0.00117027501463	0.000453309156845	0.0	0.0	0.0	0.0	0.0	0.0	0.0	0.000554938956715	0.0	0.0	0.0	0.0	0.0	0.0	0.0	0.0	0.0	0.0	0.0	0.0	0.0	0.0	0.0	0.0	0.0	0.0	0.0	0.0	0.000682128240109	0.0	0.0	0.0
k__Bacteria;p__Actinobacteria;c__Coriobacteriia;o__Coriobacteriales;f__Coriobacteriaceae	0.0	0.0	0.0	0.0	0.0	0.0	0.0	0.0	0.0	0.0	0.0	0.000374812593703	0.0	0.0	0.000416319733555	0.000362187613184	0.0	0.0	0.0	0.0	0.0	0.000416493127863	0.0	0.0	0.0	0.0	0.000977517106549	0.0	0.0	0.0	0.0	0.000525762355415	0.000655307994758	0.0	0.0041958041958	0.0	0.000674308833446	0.000947418285173	0.000639386189258	0.00157977883096	0.0	0.0	0.0	0.0	0.000516262261229	0.000388048117967	0.00226628895184	0.000446030330062	0.0	0.0	0.0	0.00045516613564	0.0	0.000755287009063	0.000438212094654	0.0	0.000885347498893	0.0	0.0	0.00801603206413	0.00068073519401	0.00175541252194	0.00770625566636	0.00304414003044	0.00480769230769	0.000616142945163	0.0014847809948	0.00241254523522	0.00114155251142	0.0	0.00166481687014	0.00210378681627	0.000692041522491	0.0015923566879	0.0061099796334	0.00485044462409	0.00374064837905	0.0020646937371	0.00279642058166	0.0	0.00871459694989	0.00833333333333	0.00320256204964	0.0135542168675	0.00343305541932	0.00738916256158	0.00382653061224	0.00252908447142	0.000569800569801	0.000648088139987	0.0	0.000682128240109	0.00065274151436	0.00261780104712	0.000520291363163
k__Bacteria;p__Actinobacteria;c__OPB41;o__;f__	0.0	0.0	0.0	0.0	0.0	0.0	0.0	0.0	0.0	0.0	0.0	0.0	0.0	0.0	0.000416319733555	0.0	0.0	0.0	0.0	0.0	0.0	0.0	0.0	0.0	0.0	0.0	0.0	0.0	0.0	0.0	0.0	0.0	0.0	0.0	0.0	0.0	0.0	0.0	0.0	0.0	0.0	0.0	0.0	0.0	0.0	0.0	0.0	0.0	0.0	0.0	0.0	0.0	0.0	0.0	0.0	0.0	0.0	0.0	0.0	0.0	0.0	0.0	0.0	0.0	0.0	0.0	0.0	0.0	0.0	0.0	0.0	0.0	0.0	0.0	0.0	0.0	0.0	0.0	0.0	0.0	0.0	0.0	0.0	0.0	0.0	0.0	0.0	0.0	0.0	0.0	0.0	0.0	0.0	0.0	0.0
k__Bacteria;p__Bacteroidetes;c__Bacteroidia;o__Bacteroidales;f__	0.0	0.0	0.0	0.0	0.0	0.0	0.0	0.0	0.0	0.000421585160202	0.0	0.0	0.0	0.0	0.0	0.0	0.0	0.0	0.0	0.0	0.0	0.0	0.0	0.0	0.000473260766682	0.0	0.000488758553275	0.0	0.0	0.0	0.0	0.000525762355415	0.0	0.000403714170367	0.0	0.0	0.0	0.0	0.0	0.0	0.0	0.000429737859905	0.0	0.0	0.0	0.0	0.00056657223796	0.0	0.0	0.0	0.000385951370127	0.0	0.0	0.0	0.0	0.0	0.000442673749447	0.0	0.0	0.0	0.0	0.0	0.0	0.00076103500761	0.0	0.0	0.0	0.0	0.0	0.0	0.0	0.0	0.0	0.0	0.0	0.0	0.0	0.0	0.0	0.000408329930584	0.00108932461874	0.0	0.0	0.0	0.0	0.0	0.000637755102041	0.0	0.0	0.000648088139987	0.0	0.0	0.0	0.0	0.000520291363163
k__Bacteria;p__Bacteroidetes;c__Bacteroidia;o__Bacteroidales;f__Bacteroidaceae	0.0236941303177	0.0268848626534	0.0156081808396	0.0156046814044	0.025376344086	0.0212215320911	0.0188087774295	0.0259623992838	0.0373955125385	0.0265598650927	0.0258089368259	0.058095952024	0.0167050691244	0.019495958155	0.0407993338884	0.0282506338283	0.0479855138072	0.00828625235405	0.02	0.00755073147711	0.019145802651	0.0174927113703	0.050963081862	0.0467289719626	0.0189304306673	0.0162481536189	0.019550342131	0.0258272800646	0.0166840458811	0.0138178096213	0.017903930131	0.0362776025237	0.0425950196592	0.0222042793702	0.0237762237762	0.0182403433476	0.0357383681726	0.0175272382757	0.0281329923274	0.0326487625066	0.0816326530612	0.0451224752901	0.0150467669784	0.000485201358564	0.00619514713474	0.0364765230889	0.0243626062323	0.0740410347904	0.010073614878	0.00161987041037	0.0428406020841	0.00136549840692	0.0265435660704	0.0256797583082	0.0319894829097	0.0121608980355	0.0194776449757	0.0208333333333	0.0121130551817	0.0187040748163	0.0279101429544	0.0392042129901	0.0213055303717	0.00684931506849	0.00747863247863	0.00616142945163	0.011135857461	0.0325693606755	0.0291095890411	0.0410342889264	0.0283018867925	0.015427769986	0.0249134948097	0.0382165605096	0.0399185336049	0.0137429264349	0.0137157107232	0.0447350309704	0.0151006711409	0.0355247039608	0.0533769063181	0.00166666666667	0.0256204963971	0.0579819277108	0.00490436488475	0.0326354679803	0.03125	0.0728376327769	0.0472934472934	0.051198963059	0.0370668815471	0.0225102319236	0.0124020887728	0.0143979057592	0.0520291363163
k__Bacteria;p__Bacteroidetes;c__Bacteroidia;o__Bacteroidales;f__Porphyromonadaceae	0.0	0.0	0.0	0.000433463372345	0.00516129032258	0.0	0.0	0.000447627573859	0.00087989441267	0.000421585160202	0.0	0.0	0.0	0.00142653352354	0.0	0.0	0.0	0.0	0.00264150943396	0.0	0.000368188512518	0.0	0.0	0.0	0.0	0.0	0.000488758553275	0.00161420500404	0.0	0.0	0.00480349344978	0.0	0.000655307994758	0.0	0.0	0.0	0.0	0.000473709142586	0.0	0.0	0.0	0.000429737859905	0.000813338755592	0.0	0.0	0.0	0.0	0.000446030330062	0.0	0.0	0.0	0.00045516613564	0.0	0.0	0.0	0.0	0.0	0.0	0.0	0.0	0.0	0.000585137507314	0.0	0.0	0.0	0.00308071472582	0.00742390497402	0.000603136308806	0.0	0.0	0.00277469478357	0.000350631136045	0.0	0.0	0.0	0.000808407437348	0.00623441396509	0.0	0.0	0.0	0.00108932461874	0.0	0.0	0.000753012048193	0.0	0.0	0.0	0.0	0.0	0.0	0.0	0.0	0.0	0.00458115183246	0.000520291363163
k__Bacteria;p__Bacteroidetes;c__Bacteroidia;o__Bacteroidales;f__Prevotellaceae	0.000538502961766	0.00292226767972	0.0010764262648	0.00303424360642	0.0210752688172	0.00414078674948	0.0141065830721	0.0174574753805	0.0224373075231	0.00463743676223	0.00693374422188	0.0206146926537	0.00806451612903	0.0171184022825	0.00707743547044	0.000724375226367	0.00181077410593	0.0	0.0188679245283	0.0169891458235	0.0158321060383	0.00416493127863	0.0272873194222	0.00344318740777	0.00331282536678	0.0054160512063	0.0190615835777	0.0125100887813	0.0104275286757	0.00460593654043	0.0213973799127	0.0	0.0	0.00161485668147	0.0	0.00375536480687	0.000674308833446	0.00521080056845	0.0	0.0	0.0204081632653	0.0081650193382	0.000813338755592	0.0	0.000516262261229	0.00310438494373	0.0	0.00133809099019	0.000387446726075	0.0	0.0158240061752	0.0	0.000577034045009	0.0	0.00964066608238	0.00233863423761	0.00354138999557	0.0	0.00134589502019	0.000668002672011	0.00204220558203	0.0	0.000453309156845	0.0	0.000534188034188	0.000616142945163	0.0	0.0	0.0	0.000562113546936	0.00110987791343	0.000350631136045	0.00138408304498	0.00106157112527	0.0	0.0	0.0	0.000688231245699	0.0	0.00816659861168	0.0	0.0	0.0	0.00602409638554	0.0	0.0	0.0	0.00101163378857	0.00512820512821	0.0	0.0	0.0	0.00065274151436	0.00065445026178	0.0140478668054
k__Bacteria;p__Bacteroidetes;c__Bacteroidia;o__Bacteroidales;f__Rikenellaceae	0.00592353257943	0.0140268848627	0.0145317545748	0.0212397052449	0.00774193548387	0.00672877846791	0.0203761755486	0.00223813786929	0.0109986801584	0.0113827993255	0.0119414483821	0.0329835082459	0.0138248847926	0.00713266761769	0.00416319733555	0.0224556320174	0.0267089180625	0.0	0.00566037735849	0.0202925908447	0.00552282768778	0.0129112869638	0.00882825040128	0.00885391047713	0.00236630383341	0.00689315608075	0.00488758553275	0.00726392251816	0.00886339937435	0.0281473899693	0.010480349345	0.00525762355415	0.0268676277851	0.0117077109407	0.0	0.00912017167382	0.0269723533378	0.021790620559	0.00959079283887	0.00526592943655	0.00408163265306	0.0184787279759	0.0130134200895	0.0	0.0	0.0376406674428	0.0305949008499	0.00133809099019	0.0174351026734	0.0	0.024314936318	0.0	0.00230813618003	0.00981873111782	0.0276073619632	0.010757717493	0.0154935812306	0.0208333333333	0.00874831763122	0.0140280561122	0.0068073519401	0.00760678759508	0.0135992747053	0.0	0.0	0.00184842883549	0.0215293244246	0.00241254523522	0.0182648401826	0.000562113546936	0.0199778024417	0.00596072931276	0.00484429065744	0.0015923566879	0.00570264765784	0.0	0.0112219451372	0.00825877494838	0.0167785234899	0.0138832176399	0.00326797385621	0.0	0.00880704563651	0.0271084337349	0.00637567435017	0.00431034482759	0.0420918367347	0.0126454223571	0.0017094017094	0.0265716137395	0.00725221595488	0.0136425648022	0.0097911227154	0.00785340314136	0.00832466181061
k__Bacteria;p__Bacteroidetes;c__Bacteroidia;o__Bacteroidales;f__S24-7	0.648896068928	0.643483343074	0.625941872982	0.512353706112	0.683870967742	0.54917184265	0.486938349007	0.661145926589	0.615926088869	0.695615514334	0.522342064715	0.258995502249	0.584101382488	0.626248216833	0.694837635304	0.610286128214	0.629696695337	0.746516007533	0.560754716981	0.436998584238	0.574005891016	0.462723865056	0.721107544141	0.571077225775	0.690014197823	0.572131954702	0.573802541544	0.550847457627	0.575599582899	0.562947799386	0.616593886463	0.920609884332	0.874180865007	0.624142107388	0.900699300699	0.439377682403	0.892110586649	0.405495026054	0.876598465473	0.877303844128	0.636734693878	0.565105285776	0.590077267182	0.445414847162	0.665978316985	0.424524641055	0.775637393768	0.879571810883	0.559860519179	0.508099352052	0.458124276341	0.639053254438	0.884016156953	0.932024169184	0.447414548642	0.469130028064	0.409473218238	0.479166666667	0.936069986541	0.468269873079	0.919673247107	0.808660035108	0.526291931097	0.958143074581	0.64155982906	0.844731977819	0.876020786934	0.933051869723	0.853881278539	0.928611579539	0.790233074362	0.717391304348	0.848442906574	0.900212314225	0.80366598778	0.831851253032	0.838528678304	0.889883000688	0.552013422819	0.667619436505	0.807189542484	0.586666666667	0.845476381105	0.646837349398	0.747915644924	0.832512315271	0.788903061224	0.848254931715	0.901424501425	0.876215165262	0.890410958904	0.879945429741	0.749347258486	0.728403141361	0.839229968783
k__Bacteria;p__Bacteroidetes;c__Bacteroidia;o__Bacteroidales;f__[Barnesiellaceae]	0.0	0.0	0.0	0.0	0.0	0.0	0.0	0.0	0.0	0.0	0.0	0.0	0.0	0.0	0.0	0.0	0.0	0.0	0.0	0.0	0.0	0.0	0.0	0.0	0.0	0.0	0.0	0.0	0.0	0.0	0.0	0.0	0.0	0.0	0.0	0.0	0.0	0.0	0.0	0.0	0.0	0.0	0.0	0.0	0.0	0.0	0.0	0.000446030330062	0.0	0.0	0.0	0.0	0.0	0.0	0.000438212094654	0.0	0.0	0.0	0.000672947510094	0.0	0.0	0.0	0.0	0.00152207001522	0.0	0.0	0.0	0.0	0.0	0.0	0.000554938956715	0.0	0.0	0.0	0.0	0.000808407437348	0.0	0.0	0.0	0.0	0.0	0.000555555555556	0.0	0.0	0.0	0.0	0.0	0.0	0.000569800569801	0.0	0.0	0.0	0.0	0.0	0.0
k__Bacteria;p__Bacteroidetes;c__Bacteroidia;o__Bacteroidales;f__[Odoribacteraceae]	0.00807754442649	0.00993571011105	0.0032292787944	0.000433463372345	0.00430107526882	0.00310559006211	0.0167189132706	0.0	0.0	0.0	0.0	0.0	0.00691244239631	0.0076081787922	0.000832639467111	0.0	0.000452693526483	0.000376647834275	0.00641509433962	0.0	0.0	0.0	0.0	0.00590260698475	0.00567912920019	0.0113244707041	0.0	0.00766747376917	0.0	0.00972364380757	0.00305676855895	0.0	0.00131061598952	0.0	0.00839160839161	0.00804721030043	0.00134861766689	0.0118427285647	0.00511508951407	0.00421274354924	0.0	0.0124623979373	0.000406669377796	0.000970402717128	0.000516262261229	0.0147458284827	0.0220963172805	0.000446030330062	0.000387446726075	0.0	0.0111925897337	0.0	0.0103866128102	0.000755287009063	0.0162138475022	0.00420954162769	0.0159362549801	0.0	0.0	0.0173680694723	0.0115724982982	0.0392042129901	0.0158658204896	0.0	0.0	0.00184842883549	0.011135857461	0.0	0.0182648401826	0.0	0.0138734739179	0.0164796633941	0.0103806228374	0.00902335456476	0.00040733197556	0.0	0.00498753117207	0.0	0.0570469798658	0.00898325847285	0.0	0.000555555555556	0.0120096076861	0.000753012048193	0.0	0.0	0.000637755102041	0.00101163378857	0.000569800569801	0.00842514581983	0.0185334407736	0.0156889495225	0.00065274151436	0.0130890052356	0.0124869927159
k__Bacteria;p__Bacteroidetes;c__Bacteroidia;o__Bacteroidales;f__[Paraprevotellaceae]	0.0339256865913	0.0385739333723	0.0129171151776	0.0221066319896	0.0275268817204	0.00724637681159	0.0120167189133	0.0188003581021	0.0281566212055	0.035413153457	0.00808936825886	0.00712143928036	0.00864055299539	0.0199714693295	0.0145711906744	0.0115900036219	0.0199185151652	0.0	0.0252830188679	0.00849457291175	0.0117820324006	0.0466472303207	0.0204654895666	0.0565666502705	0.0369143398012	0.0123092072871	0.0136852394917	0.0258272800646	0.0104275286757	0.0133060388946	0.0244541484716	0.00157728706625	0.00655307994758	0.0137262817925	0.000699300699301	0.00804721030043	0.00337154416723	0.0156324017054	0.000639386189258	0.00105318588731	0.0204081632653	0.0	0.0150467669784	0.0	0.000516262261229	0.0	0.0028328611898	0.0107047279215	0.0143355288648	0.0	0.0	0.00045516613564	0.00288517022504	0.00151057401813	0.0	0.0173058933583	0.0159362549801	0.0	0.00269179004038	0.00534402137609	0.00136147038802	0.0	0.0	0.0	0.000534188034188	0.00123228589033	0.0022271714922	0.00301568154403	0.00456621004566	0.0140528386734	0.000554938956715	0.000350631136045	0.0214532871972	0.00690021231423	0.00122199592668	0.0	0.00187032418953	0.0013764624914	0.0	0.0396080032666	0.0	0.0	0.00400320256205	0.00225903614458	0.00147130946542	0.00246305418719	0.0	0.00151745068285	0.00797720797721	0.00388852883992	0.00241740531829	0.00136425648022	0.00195822454308	0.00130890052356	0.0
k__Bacteria;p__Bacteroidetes;c__Flavobacteriia;o__Flavobacteriales;f__[Weeksellaceae]	0.0	0.0	0.0	0.0	0.0	0.0	0.0	0.0	0.0	0.0	0.0	0.0	0.0	0.0	0.0	0.0	0.0	0.0	0.0	0.0	0.0	0.0	0.0	0.0	0.0	0.0	0.0	0.0	0.0	0.0	0.0	0.0	0.0	0.0	0.0	0.0	0.0	0.0	0.0	0.0	0.0	0.0	0.0	0.0	0.0	0.0	0.0	0.0	0.0	0.0	0.0	0.0	0.0	0.0	0.0	0.0	0.0	0.0	0.0	0.0	0.0	0.0	0.0	0.0	0.0	0.0	0.0	0.0	0.0	0.0	0.0	0.0	0.0	0.0	0.0	0.0	0.0	0.0	0.0	0.0	0.0	0.0	0.0	0.0	0.0	0.0	0.0	0.0	0.0	0.0	0.0	0.0	0.0	0.00065445026178	0.0
k__Bacteria;p__Bacteroidetes;c__[Saprospirae];o__[Saprospirales];f__Chitinophagaceae	0.0	0.0	0.0	0.0	0.0	0.0	0.0	0.0	0.0	0.0	0.0	0.0	0.000576036866359	0.0	0.0	0.0	0.0	0.0	0.0	0.0	0.0	0.0	0.0	0.0	0.0	0.0	0.0	0.0	0.0	0.000511770726714	0.0	0.0	0.0	0.0	0.000699300699301	0.0	0.0	0.0	0.0	0.0	0.0	0.000429737859905	0.0	0.0	0.0	0.0	0.00056657223796	0.0	0.0	0.0	0.0	0.0	0.0	0.0	0.0	0.0	0.0	0.0	0.0	0.000668002672011	0.0	0.0	0.0	0.0	0.0	0.0	0.0	0.0	0.0	0.0	0.0	0.0	0.0	0.0	0.0	0.0	0.000623441396509	0.0	0.000559284116331	0.000408329930584	0.0	0.0	0.0	0.0	0.0	0.0	0.0	0.000505816894284	0.0	0.0	0.0	0.0	0.0	0.00065445026178	0.0
k__Bacteria;p__Chloroflexi;c__Anaerolineae;o__Caldilineales;f__Caldilineaceae	0.0	0.0	0.0	0.0	0.0	0.0	0.0	0.000447627573859	0.0	0.0	0.0	0.0	0.0	0.0	0.0	0.0	0.0	0.0	0.0	0.0	0.0	0.0	0.0	0.0	0.0	0.0	0.0	0.0	0.0	0.0	0.0	0.0	0.0	0.0	0.0	0.0	0.0	0.0	0.0	0.0	0.0	0.0	0.0	0.0	0.0	0.0	0.0	0.0	0.0	0.0	0.0	0.0	0.0	0.0	0.0	0.0	0.0	0.0	0.0	0.0	0.0	0.0	0.0	0.0	0.0	0.0	0.0	0.0	0.0	0.0	0.0	0.0	0.0	0.0	0.0	0.0	0.0	0.0	0.0	0.0	0.0	0.0	0.0	0.0	0.0	0.0	0.0	0.0	0.0	0.0	0.0	0.0	0.0	0.0	0.0
k__Bacteria;p__Cyanobacteria;c__4C0d-2;o__YS2;f__	0.0	0.0	0.0	0.0	0.0	0.0	0.0	0.0	0.000439947206335	0.000421585160202	0.0	0.0	0.0	0.0	0.0	0.0	0.0	0.0	0.0	0.0	0.000368188512518	0.000416493127863	0.0	0.0	0.0	0.0	0.0	0.0	0.000521376433785	0.0	0.0	0.0	0.0	0.000403714170367	0.0	0.0	0.0	0.0	0.0	0.0	0.0	0.0	0.0	0.0	0.0	0.0	0.0	0.0	0.00077489345215	0.0	0.0	0.0	0.0	0.0	0.0	0.0	0.0	0.0	0.0	0.0	0.0	0.0	0.0	0.0	0.0	0.0	0.0	0.0	0.0	0.0	0.0	0.0	0.0	0.0	0.0	0.0	0.0	0.0	0.0	0.0	0.0	0.0	0.0	0.0	0.0	0.0	0.0	0.0	0.0	0.0	0.0	0.0	0.0	0.0	0.0
k__Bacteria;p__Cyanobacteria;c__Chloroplast;o__Streptophyta;f__	0.0	0.0	0.0	0.000433463372345	0.0	0.0	0.000522466039707	0.0	0.0	0.0	0.000385208012327	0.0	0.0	0.0	0.0	0.0	0.0	0.0	0.0	0.0	0.0	0.0	0.0	0.0	0.0	0.0	0.0	0.0	0.0	0.0	0.0	0.0	0.0	0.0	0.0	0.0	0.0	0.000473709142586	0.0	0.000526592943655	0.0	0.0	0.0	0.0	0.0	0.0	0.00113314447592	0.0	0.0	0.0	0.0	0.0	0.0	0.0	0.0	0.0	0.0	0.0	0.0	0.0	0.0	0.0	0.00181323662738	0.00152207001522	0.0	0.0	0.0	0.0	0.0	0.000562113546936	0.00110987791343	0.0	0.0	0.0	0.0020366598778	0.0	0.000623441396509	0.0	0.000559284116331	0.0	0.0	0.00111111111111	0.0	0.0	0.0	0.0	0.0	0.0	0.0	0.0	0.000805801772764	0.0	0.00065274151436	0.0	0.00104058272633
k__Bacteria;p__Cyanobacteria;c__ML635J-21;o__;f__	0.0	0.0	0.0	0.0	0.0	0.0	0.0	0.0	0.0	0.0	0.0	0.0	0.0	0.0	0.0	0.0	0.0	0.0	0.0	0.0	0.0	0.0	0.0	0.0	0.0	0.0	0.0	0.0	0.0	0.0	0.0	0.0	0.0	0.0	0.0	0.0	0.0	0.0	0.0	0.0	0.0	0.0	0.0	0.0	0.0	0.0	0.0	0.0	0.0	0.0	0.0	0.0	0.0	0.0	0.0	0.0	0.0	0.0	0.0	0.0	0.0	0.0	0.0	0.0	0.0	0.0	0.0	0.0	0.0	0.0	0.0	0.0	0.0	0.0	0.0	0.0	0.0	0.0	0.0	0.0	0.0	0.0	0.0	0.0	0.0	0.0	0.0	0.0	0.0	0.0	0.0	0.0	0.0	0.00065445026178	0.0
k__Bacteria;p__Firmicutes;c__Bacilli;o__Bacillales;f__	0.0	0.0	0.0	0.0	0.0	0.0	0.0	0.0	0.0	0.0	0.0	0.0	0.0	0.0	0.0	0.0	0.0	0.0	0.0	0.0	0.0	0.0	0.0	0.0	0.0	0.0	0.0	0.0	0.0	0.0	0.0	0.0	0.0	0.0	0.0	0.0	0.0	0.0	0.0	0.0	0.0	0.0	0.0	0.0	0.0	0.0	0.0	0.0	0.0	0.0	0.0	0.0	0.0	0.0	0.0	0.0	0.0	0.0	0.0	0.0	0.0	0.0	0.0	0.0	0.0	0.000616142945163	0.0	0.0	0.0	0.0	0.0	0.0	0.0	0.0	0.0	0.0	0.0	0.0	0.0	0.0	0.0	0.0	0.0	0.0	0.0	0.0	0.0	0.0	0.0	0.0	0.0	0.0	0.0	0.0	0.0
k__Bacteria;p__Firmicutes;c__Bacilli;o__Bacillales;f__Bacillaceae	0.0	0.0	0.0	0.0	0.0	0.0	0.0	0.0	0.0	0.0	0.0	0.0	0.0	0.0	0.0	0.0	0.0	0.0	0.0	0.0	0.0	0.0	0.0	0.0	0.0	0.0	0.0	0.0	0.0	0.0	0.0	0.0	0.0	0.0	0.0	0.0	0.0	0.0	0.0	0.0	0.0	0.0	0.0	0.0	0.0	0.0	0.0	0.0	0.0	0.0	0.0	0.0	0.0	0.0	0.0	0.0	0.0	0.0	0.0	0.0	0.0	0.000585137507314	0.0	0.0	0.0	0.0	0.0	0.0	0.000570776255708	0.0	0.0	0.0	0.0	0.0	0.0	0.0	0.0	0.0	0.0	0.0	0.0	0.0	0.0	0.0	0.0	0.0	0.0	0.0	0.0	0.0	0.0	0.0	0.0	0.0	0.0
k__Bacteria;p__Firmicutes;c__Bacilli;o__Bacillales;f__Paenibacillaceae	0.0	0.0	0.0	0.0	0.0	0.0	0.0	0.0	0.0	0.0	0.0	0.0	0.0	0.0	0.0	0.0	0.0	0.0	0.0	0.0	0.0	0.0	0.0	0.0	0.0	0.0	0.0	0.0	0.0	0.0	0.0	0.0	0.0	0.0	0.0	0.0	0.0	0.0	0.0	0.0	0.0	0.0	0.0	0.0	0.0	0.0	0.0	0.0	0.0	0.0	0.0	0.0	0.0	0.0	0.0	0.0	0.0	0.0	0.0	0.0	0.0	0.0	0.0	0.0	0.0	0.0	0.0	0.0	0.000570776255708	0.0	0.0	0.0	0.0	0.0	0.0	0.0	0.0	0.0	0.0	0.0	0.0	0.0	0.0	0.0	0.0	0.0	0.0	0.0	0.0	0.0	0.0	0.0	0.0	0.0	0.0
k__Bacteria;p__Firmicutes;c__Bacilli;o__Bacillales;f__Planococcaceae	0.0	0.0	0.0	0.0	0.0	0.0	0.0	0.0	0.0	0.0	0.0	0.000749625187406	0.0	0.0	0.0	0.0	0.0	0.0	0.0	0.0	0.0	0.0	0.0	0.0	0.0	0.0	0.0	0.0	0.0	0.0	0.0	0.0	0.0	0.0	0.0	0.0	0.0	0.0	0.0	0.0	0.0	0.0	0.0	0.0	0.0	0.000388048117967	0.00056657223796	0.0	0.0	0.0	0.0	0.0	0.0	0.0	0.0	0.0	0.0	0.0	0.0	0.00133600534402	0.0	0.0040959625512	0.0	0.00152207001522	0.00213675213675	0.00123228589033	0.0	0.0	0.0102739726027	0.0	0.000554938956715	0.00140252454418	0.00207612456747	0.000530785562633	0.0	0.0	0.00311720698254	0.0	0.00167785234899	0.0	0.0261437908497	0.0	0.00160128102482	0.0	0.0	0.0	0.0	0.000505816894284	0.0	0.0	0.0	0.0	0.0	0.00065445026178	0.00156087408949
k__Bacteria;p__Firmicutes;c__Bacilli;o__Bacillales;f__Staphylococcaceae	0.0	0.0	0.0	0.0	0.0	0.0	0.0	0.0	0.0	0.0	0.0	0.0	0.0	0.0	0.0	0.0	0.0	0.0	0.0	0.0	0.0	0.0	0.0	0.0	0.0	0.0	0.0	0.0	0.0	0.0	0.0	0.0	0.0	0.0	0.0	0.0	0.0	0.0	0.0	0.0	0.0	0.0	0.0	0.0	0.0	0.0	0.0	0.0	0.0	0.0	0.0	0.0	0.0	0.0	0.0	0.0	0.0	0.0	0.0	0.0	0.0	0.000585137507314	0.0	0.0	0.000534188034188	0.0	0.0	0.0	0.00456621004566	0.0	0.0	0.0	0.000692041522491	0.0	0.0	0.0	0.000623441396509	0.0013764624914	0.00279642058166	0.0	0.00544662309368	0.0	0.00080064051241	0.0	0.0	0.0	0.0	0.0	0.0	0.0	0.0	0.0	0.00065274151436	0.0	0.000520291363163
k__Bacteria;p__Firmicutes;c__Bacilli;o__Lactobacillales;f__	0.0	0.0	0.0	0.0	0.0	0.0	0.0	0.0	0.0	0.0	0.0	0.0	0.0	0.0	0.0	0.0	0.0	0.0	0.0	0.0	0.0	0.0	0.0	0.0	0.0	0.0	0.0	0.0	0.0	0.0	0.0	0.0	0.0	0.0	0.0	0.0	0.0	0.0	0.0	0.0	0.0	0.0	0.0	0.0	0.0	0.0	0.0	0.0	0.0	0.0	0.0	0.0	0.0	0.0	0.0	0.0	0.0	0.0	0.0	0.0	0.0	0.000585137507314	0.000453309156845	0.0	0.0	0.0	0.0	0.0	0.0	0.0	0.0	0.0	0.0	0.0	0.0	0.0	0.0	0.0	0.0	0.0	0.0	0.0	0.0	0.0	0.0	0.0	0.0	0.0	0.0	0.0	0.0	0.0	0.0	0.0	0.0
k__Bacteria;p__Firmicutes;c__Bacilli;o__Lactobacillales;f__Enterococcaceae	0.0	0.0	0.0	0.0	0.0	0.0	0.0	0.0	0.0	0.0	0.0	0.0	0.0	0.0	0.0	0.0	0.0	0.0	0.0	0.0	0.0	0.0	0.0	0.0	0.0	0.0	0.0	0.0	0.0	0.0	0.0	0.0	0.0	0.0	0.0	0.0	0.0	0.0	0.0	0.0	0.0	0.0	0.0	0.0	0.0	0.0	0.0	0.0	0.0	0.0	0.000385951370127	0.0	0.0	0.0	0.0	0.0	0.0	0.0	0.0	0.0	0.0	0.0	0.0	0.0	0.0	0.0	0.0	0.0	0.000570776255708	0.0	0.0	0.0	0.000692041522491	0.0	0.0	0.0	0.0	0.0	0.0	0.0	0.0	0.0	0.0	0.0	0.0	0.0	0.0	0.0	0.0	0.0	0.0	0.0	0.0	0.0	0.0
k__Bacteria;p__Firmicutes;c__Bacilli;o__Lactobacillales;f__Lactobacillaceae	0.0	0.0	0.0005382131324	0.000433463372345	0.0	0.0	0.000522466039707	0.000447627573859	0.000439947206335	0.0	0.000385208012327	0.0	0.0	0.0	0.0	0.0	0.0	0.0	0.0	0.0	0.0	0.0	0.0	0.0	0.0	0.00196947316593	0.000488758553275	0.0	0.0	0.000511770726714	0.0	0.00525762355415	0.00327653997379	0.0	0.0013986013986	0.0	0.0	0.0	0.000639386189258	0.0	0.0	0.000859475719811	0.0	0.000485201358564	0.0	0.0	0.00113314447592	0.0111507582516	0.0	0.0	0.0	0.0	0.00115406809002	0.00226586102719	0.0	0.0	0.0	0.0	0.0	0.0060120240481	0.00204220558203	0.0444704505559	0.0258386219402	0.0	0.0042735042735	0.00184842883549	0.0103934669636	0.000603136308806	0.00228310502283	0.000562113546936	0.00776914539401	0.00175315568022	0.00138408304498	0.0106157112527	0.0	0.000808407437348	0.00872817955112	0.0020646937371	0.00503355704698	0.000408329930584	0.0228758169935	0.0	0.00320256204964	0.0346385542169	0.000980872976949	0.00184729064039	0.0255102040816	0.00151745068285	0.000569800569801	0.00194426441996	0.00322320709106	0.0075034106412	0.00261096605744	0.026832460733	0.0130072840791
k__Bacteria;p__Firmicutes;c__Bacilli;o__Lactobacillales;f__Leuconostocaceae	0.0	0.0	0.0	0.0	0.0	0.0	0.0	0.0	0.0	0.0	0.0	0.0	0.0	0.0	0.0	0.0	0.0	0.0	0.0	0.0	0.0	0.0	0.0	0.0	0.0	0.0	0.0	0.0	0.0	0.0	0.0	0.0	0.0	0.0	0.0	0.0	0.0	0.0	0.0	0.0	0.0	0.000429737859905	0.0	0.0	0.0	0.0	0.0	0.0	0.0	0.0	0.000385951370127	0.0	0.0	0.0	0.0	0.0	0.0	0.0	0.0	0.0	0.0	0.000585137507314	0.0	0.0	0.0	0.0	0.0	0.0	0.0	0.0	0.0	0.0	0.0	0.0	0.0	0.0	0.000623441396509	0.0	0.0	0.0	0.00108932461874	0.0	0.0	0.0	0.0	0.0	0.000637755102041	0.0	0.0	0.0	0.0	0.0	0.0	0.0	0.0
k__Bacteria;p__Firmicutes;c__Bacilli;o__Lactobacillales;f__Streptococcaceae	0.0	0.00116890707189	0.0	0.0	0.000430107526882	0.0	0.0	0.0	0.000439947206335	0.0	0.000385208012327	0.0	0.0	0.0	0.000416319733555	0.0	0.000452693526483	0.0	0.000377358490566	0.0	0.000368188512518	0.0	0.0	0.0	0.000473260766682	0.000984736582964	0.0	0.0	0.0	0.0	0.000436681222707	0.0	0.0	0.0	0.0	0.0	0.0	0.0	0.0	0.00263296471827	0.0	0.0	0.0	0.0	0.0	0.0	0.0	0.0	0.000387446726075	0.0	0.0	0.0	0.0	0.000755287009063	0.000438212094654	0.0	0.000885347498893	0.0	0.000672947510094	0.000668002672011	0.00136147038802	0.000585137507314	0.00181323662738	0.0	0.00373931623932	0.00246457178065	0.000742390497402	0.0	0.00228310502283	0.0	0.00221975582686	0.00175315568022	0.0	0.00106157112527	0.0020366598778	0.0	0.000623441396509	0.0013764624914	0.000559284116331	0.000408329930584	0.00217864923747	0.00111111111111	0.00160128102482	0.00150602409639	0.0019617459539	0.000615763546798	0.0	0.00101163378857	0.0011396011396	0.0	0.000805801772764	0.00409276944065	0.00195822454308	0.00130890052356	0.00156087408949
k__Bacteria;p__Firmicutes;c__Bacilli;o__Turicibacterales;f__Turicibacteraceae	0.00269251480883	0.00467562828755	0.0032292787944	0.0	0.0	0.0	0.0	0.0	0.0	0.00126475548061	0.0	0.000374812593703	0.0	0.0	0.0	0.000724375226367	0.000452693526483	0.0	0.0	0.000471920717319	0.0	0.000832986255727	0.0	0.00393507132317	0.00236630383341	0.0	0.0	0.0	0.0	0.0	0.0	0.0	0.0	0.0	0.0	0.0	0.0	0.0	0.000639386189258	0.000526592943655	0.0	0.00128921357972	0.0	0.0	0.0	0.000388048117967	0.00056657223796	0.000446030330062	0.0	0.0	0.00154380548051	0.0	0.000577034045009	0.0	0.00482033304119	0.0	0.0	0.0	0.0	0.0	0.0	0.00117027501463	0.000453309156845	0.0	0.0	0.0	0.0	0.0	0.0	0.0	0.0	0.00140252454418	0.0	0.0	0.0	0.0	0.0	0.0	0.00111856823266	0.0	0.0	0.0	0.0	0.0	0.0	0.0	0.00127551020408	0.0	0.0	0.0	0.000805801772764	0.000682128240109	0.0	0.0	0.000520291363163
k__Bacteria;p__Firmicutes;c__Clostridia;o__;f__	0.0	0.0	0.0	0.0	0.0	0.0	0.0	0.0	0.0	0.0	0.0	0.0	0.0	0.0	0.0	0.0	0.0	0.0	0.0	0.0	0.0	0.0	0.0	0.0	0.0	0.0	0.0	0.0	0.0	0.0	0.0	0.0	0.0	0.0	0.0	0.0	0.0	0.0	0.0	0.0	0.0	0.0	0.0	0.0	0.0	0.0	0.0	0.000446030330062	0.0	0.0	0.0	0.0	0.0	0.0	0.0	0.0	0.0	0.0	0.0	0.0	0.0	0.0	0.0	0.0	0.0	0.0	0.0	0.0	0.0	0.0	0.0	0.0	0.0	0.0	0.0	0.0	0.0	0.0	0.0	0.0	0.0	0.0	0.0	0.0	0.0	0.0	0.0	0.0	0.0	0.0	0.0	0.0	0.0	0.0	0.0
k__Bacteria;p__Firmicutes;c__Clostridia;o__Clostridiales;f__	0.147549811524	0.140268848627	0.157158234661	0.276983094928	0.113978494624	0.236542443064	0.288401253918	0.149955237243	0.161900571931	0.12521079258	0.241910631741	0.33395802099	0.201036866359	0.134569662387	0.1240632806	0.185077870337	0.191942055229	0.0949152542373	0.170188679245	0.334119867862	0.216494845361	0.265722615577	0.096709470305	0.158878504673	0.10127780407	0.234859675037	0.208211143695	0.213478611784	0.188216892596	0.221084953941	0.168995633188	0.0199789695058	0.0163826998689	0.184901090028	0.0146853146853	0.304721030043	0.0114632501686	0.297489341544	0.0159846547315	0.0236966824645	0.114285714286	0.1822088526	0.216348108987	0.311014070839	0.134744450181	0.285991462941	0.0328611898017	0.0129348795718	0.215420379698	0.193844492441	0.255885758394	0.148839326354	0.0155799192152	0.011329305136	0.251533742331	0.315715622077	0.339530765826	0.25	0.0195154777927	0.205076820307	0.0122532334922	0.0222352252779	0.0661831368994	0.0121765601218	0.151709401709	0.0579174368453	0.0259836674091	0.0114595898673	0.0211187214612	0.00562113546936	0.0527192008879	0.0371669004208	0.0415224913495	0.0116772823779	0.0651731160896	0.0501212611156	0.03927680798	0.0316586373021	0.0458612975391	0.122907309106	0.0294117647059	0.201111111111	0.0376301040833	0.0730421686747	0.0514958312898	0.0394088669951	0.0427295918367	0.0237733940314	0.0176638176638	0.0149060272197	0.0120870265915	0.0184174624829	0.0913838120104	0.0759162303665	0.0260145681582
k__Bacteria;p__Firmicutes;c__Clostridia;o__Clostridiales;f__Christensenellaceae	0.0	0.0	0.0005382131324	0.0	0.0	0.0	0.0	0.0	0.0	0.0	0.0	0.0	0.0	0.0	0.0	0.0	0.0	0.0	0.000754716981132	0.0	0.0	0.0	0.0	0.0	0.0	0.0	0.000488758553275	0.0	0.0	0.0	0.0	0.0	0.0	0.0	0.0	0.0	0.0	0.0	0.0	0.0	0.0	0.0	0.0	0.0	0.0	0.0	0.0	0.0	0.0	0.0	0.0	0.0	0.0	0.0	0.0	0.000935453695042	0.0	0.0	0.0	0.0	0.0	0.0	0.0	0.0	0.0	0.0	0.0	0.0	0.0	0.0	0.0	0.0	0.0	0.0	0.0	0.0	0.0	0.0	0.0	0.0	0.0	0.0	0.0	0.0	0.0	0.0	0.0	0.0	0.0	0.0	0.0	0.0	0.0	0.0	0.0
k__Bacteria;p__Firmicutes;c__Clostridia;o__Clostridiales;f__Clostridiaceae	0.0	0.00116890707189	0.0005382131324	0.00086692674469	0.0	0.00103519668737	0.000522466039707	0.0	0.00087989441267	0.000421585160202	0.00115562403698	0.000749625187406	0.00172811059908	0.00190204469805	0.000832639467111	0.000362187613184	0.000905387052965	0.0	0.000377358490566	0.000943841434639	0.0	0.000832986255727	0.000401284109149	0.0	0.000946521533365	0.0	0.0019550342131	0.0	0.0	0.000511770726714	0.00131004366812	0.0	0.00262123197903	0.0	0.000699300699301	0.00160944206009	0.00202292650034	0.00331596399811	0.00319693094629	0.000526592943655	0.0	0.000429737859905	0.0	0.0	0.0	0.0	0.00849858356941	0.00178412132025	0.0	0.0	0.000771902740255	0.00045516613564	0.00115406809002	0.00226586102719	0.0	0.000935453695042	0.00132802124834	0.0	0.0	0.000668002672011	0.00068073519401	0.0	0.0	0.0	0.000534188034188	0.0	0.0	0.0	0.0	0.0	0.0	0.0	0.0	0.0	0.0	0.0	0.0	0.000688231245699	0.0	0.00122498979175	0.0	0.0	0.0	0.0	0.0	0.000615763546798	0.000637755102041	0.0	0.0	0.0	0.0	0.0	0.0	0.0	0.0
k__Bacteria;p__Firmicutes;c__Clostridia;o__Clostridiales;f__Dehalobacteriaceae	0.00269251480883	0.00350672121566	0.0010764262648	0.00303424360642	0.000430107526882	0.00103519668737	0.00104493207941	0.000447627573859	0.00131984161901	0.00210792580101	0.00500770416025	0.00674662668666	0.00230414746544	0.0	0.000416319733555	0.00507062658457	0.000905387052965	0.00188323917137	0.000754716981132	0.00283152430392	0.000368188512518	0.00499791753436	0.00120385232745	0.00147565174619	0.000473260766682	0.00295420974889	0.000488758553275	0.000807102502018	0.0	0.000511770726714	0.0	0.0	0.0	0.00403714170367	0.0	0.000536480686695	0.0	0.0	0.0	0.0	0.0	0.00171895143962	0.00325335502237	0.00194080543426	0.000516262261229	0.0034924330617	0.0	0.0	0.0015497869043	0.0	0.00154380548051	0.00045516613564	0.0	0.0	0.00394390885188	0.000467726847521	0.0	0.0416666666667	0.0	0.0	0.0	0.0	0.000453309156845	0.0	0.0	0.0	0.0	0.0	0.0	0.0	0.0	0.0	0.0	0.0	0.0	0.000808407437348	0.0	0.000688231245699	0.000559284116331	0.0	0.0	0.0	0.0	0.0	0.0	0.0	0.0	0.0	0.0	0.0	0.0	0.0	0.0	0.0	0.0
k__Bacteria;p__Firmicutes;c__Clostridia;o__Clostridiales;f__EtOH8	0.0	0.0	0.0	0.0	0.0	0.0	0.0	0.0	0.0	0.0	0.0	0.0	0.0	0.0	0.0	0.0	0.0	0.0	0.0	0.0	0.0	0.0	0.0	0.0	0.0	0.0	0.0	0.0	0.0	0.0	0.0	0.0	0.0	0.0	0.0	0.0	0.0	0.0	0.0	0.0	0.0	0.0	0.0	0.0	0.0	0.0	0.0	0.0	0.0	0.0	0.0	0.0	0.0	0.0	0.0	0.0	0.0	0.0	0.0	0.0	0.0	0.0	0.0	0.0	0.0	0.0	0.0	0.0	0.000570776255708	0.0	0.0	0.0	0.0	0.0	0.0	0.0	0.0	0.0	0.0	0.0	0.0	0.0	0.0	0.0	0.0	0.0	0.0	0.0	0.0	0.0	0.0	0.0	0.0	0.0	0.0
k__Bacteria;p__Firmicutes;c__Clostridia;o__Clostridiales;f__Lachnospiraceae	0.0366182014001	0.0374050263004	0.0532831001076	0.0442132639792	0.0288172043011	0.0615942028986	0.0616509926855	0.0362578334825	0.0307963044435	0.0278246205734	0.0920647149461	0.123688155922	0.0627880184332	0.0466000951022	0.0503746877602	0.0695400217313	0.0294250792214	0.0350282485876	0.0524528301887	0.0622935346862	0.0699558173785	0.0716368179925	0.0192616372392	0.0349237579931	0.0179839091339	0.0526834071886	0.0527859237537	0.0815173527038	0.043795620438	0.0481064483112	0.0362445414847	0.00420609884332	0.0	0.0407751312071	0.000699300699301	0.0600858369099	0.00269723533378	0.0582662245381	0.00383631713555	0.00105318588731	0.0367346938776	0.0416845724108	0.037820252135	0.0625909752547	0.0299432111513	0.081490104773	0.0056657223796	0.0	0.0356450987989	0.0518358531317	0.0864531069085	0.0268548020027	0.00173110213503	0.00151057401813	0.0661700262927	0.0687558465856	0.0509074811864	0.0625	0.00605652759085	0.0721442885772	0.00340367597005	0.00702165008777	0.0557570262919	0.00152207001522	0.0288461538462	0.0252618607517	0.00668151447661	0.0	0.00399543378995	0.00281056773468	0.0221975582686	0.023492286115	0.0117647058824	0.0015923566879	0.0366598778004	0.0105092966855	0.0305486284289	0.00481761871989	0.0335570469799	0.0261331155574	0.0141612200436	0.0816666666667	0.0104083266613	0.0308734939759	0.0215792054929	0.0369458128079	0.015306122449	0.00758725341426	0.0017094017094	0.00583279325988	0.0	0.00818553888131	0.0548302872063	0.0562827225131	0.0098855359001
k__Bacteria;p__Firmicutes;c__Clostridia;o__Clostridiales;f__Peptococcaceae	0.0	0.0	0.0	0.0	0.0	0.0	0.00104493207941	0.0	0.0	0.0	0.0	0.000374812593703	0.000576036866359	0.0	0.0	0.0	0.0	0.0	0.0	0.0	0.0	0.0	0.0	0.0	0.0	0.0	0.0	0.0	0.0	0.0	0.0	0.0	0.0	0.0	0.0	0.00107296137339	0.0	0.0	0.0	0.0	0.0	0.0	0.0	0.0	0.0	0.0	0.0	0.0	0.0	0.0	0.0	0.0	0.0	0.0	0.0	0.0	0.0	0.0	0.0	0.0	0.0	0.0	0.0	0.0	0.0	0.0	0.0	0.0	0.0	0.0	0.000554938956715	0.0	0.0	0.0	0.0	0.0	0.0	0.0	0.0	0.0	0.0	0.0	0.0	0.0	0.0	0.0	0.0	0.0	0.0	0.0	0.0	0.0	0.0	0.0	0.0
k__Bacteria;p__Firmicutes;c__Clostridia;o__Clostridiales;f__Ruminococcaceae	0.0694668820679	0.0637054354179	0.0947255113025	0.0840918942349	0.0782795698925	0.0967908902692	0.0653082549634	0.0743061772605	0.0756709194897	0.0531197301855	0.0720338983051	0.137556221889	0.0789170506912	0.109367570138	0.0512073272273	0.0565012676566	0.0430058850158	0.0971751412429	0.126037735849	0.090136857008	0.0729013254786	0.0962099125364	0.0449438202247	0.0949335956714	0.10269758637	0.0709010339734	0.0933528836755	0.0613397901533	0.129822732013	0.0798362333675	0.0860262008734	0.00210304942166	0.00786369593709	0.0722648364958	0.00769230769231	0.116416309013	0.00674308833446	0.129796305069	0.00831202046036	0.00842548709847	0.069387755102	0.101418134938	0.0915006100041	0.166424065987	0.145069695405	0.0876988746605	0.00849858356941	0.00133809099019	0.108097636575	0.227321814255	0.0841373986878	0.167501137915	0.00346220427005	0.00226586102719	0.122699386503	0.0907390084191	0.107569721116	0.125	0.00471063257066	0.0394121576486	0.00408441116406	0.0040959625512	0.00634632819583	0.00913242009132	0.0357905982906	0.0154035736291	0.0103934669636	0.00482509047045	0.0108447488584	0.00224845418775	0.00665926748058	0.00596072931276	0.0193771626298	0.00424628450106	0.0187372708758	0.0202101859337	0.00249376558603	0.00344115622849	0.0206935123043	0.0596161698653	0.00435729847495	0.0161111111111	0.0168134507606	0.019578313253	0.00833742030407	0.00738916256158	0.00701530612245	0.00809307030855	0.00512820512821	0.00129617627997	0.00644641418211	0.00613915416098	0.0228459530026	0.0130890052356	0.0104058272633
k__Bacteria;p__Firmicutes;c__Clostridia;o__Clostridiales;f__Veillonellaceae	0.0	0.0	0.0	0.0	0.0	0.0	0.0	0.0	0.0	0.0	0.0	0.000374812593703	0.0	0.0	0.0	0.0	0.0	0.0	0.0	0.0	0.0	0.0	0.0	0.0	0.0	0.0	0.0	0.0	0.0	0.0	0.0	0.0	0.0	0.0	0.0	0.0	0.0	0.0	0.0	0.0	0.0	0.0	0.0	0.0	0.0	0.0	0.0	0.0	0.0	0.0	0.0	0.0	0.0	0.0	0.0	0.0	0.0	0.0	0.0	0.0	0.0	0.0	0.0	0.0	0.0	0.0	0.0	0.0	0.0	0.0	0.0	0.0	0.0	0.0	0.0	0.0	0.0	0.0	0.0	0.0	0.0	0.0	0.0	0.0	0.0	0.0	0.0	0.0	0.0	0.0	0.0	0.0	0.0	0.0	0.0
k__Bacteria;p__Firmicutes;c__Clostridia;o__Clostridiales;f__[Mogibacteriaceae]	0.00215401184707	0.000584453535944	0.0010764262648	0.0	0.0	0.0	0.0	0.0	0.00087989441267	0.000421585160202	0.0	0.000749625187406	0.000576036866359	0.000475511174513	0.0	0.000362187613184	0.0	0.0	0.000377358490566	0.000471920717319	0.000368188512518	0.0	0.0	0.0	0.0	0.0	0.0	0.0	0.0	0.0	0.0	0.0	0.0	0.000807428340735	0.0	0.000536480686695	0.0	0.000947418285173	0.0	0.0	0.0	0.0	0.0	0.0	0.0	0.0	0.0	0.0	0.000387446726075	0.0	0.0	0.00045516613564	0.0	0.0	0.000438212094654	0.0	0.000442673749447	0.0	0.0	0.000668002672011	0.0	0.0	0.0	0.00076103500761	0.0	0.0	0.0	0.0	0.0	0.0	0.0	0.0	0.0	0.0	0.0	0.0	0.0	0.0	0.0	0.000816659861168	0.0	0.000555555555556	0.00080064051241	0.0	0.0	0.00307881773399	0.0	0.0	0.0	0.0	0.0	0.0	0.00065274151436	0.0	0.0
k__Bacteria;p__Firmicutes;c__Erysipelotrichi;o__Erysipelotrichales;f__Erysipelotrichaceae	0.0	0.000584453535944	0.0	0.000433463372345	0.0	0.0	0.000522466039707	0.0	0.0	0.000421585160202	0.0	0.000749625187406	0.000576036866359	0.0	0.000832639467111	0.000362187613184	0.0	0.0	0.0	0.0	0.0	0.0	0.000401284109149	0.0	0.000946521533365	0.0	0.000488758553275	0.000403551251009	0.0	0.0	0.0	0.0	0.0	0.0	0.0	0.0	0.0	0.000473709142586	0.0	0.0	0.0	0.000429737859905	0.0	0.0	0.0	0.0011641443539	0.0	0.000446030330062	0.000387446726075	0.0	0.0	0.0	0.0	0.0	0.0	0.0	0.0	0.0	0.0	0.000668002672011	0.0	0.0	0.00090661831369	0.0	0.0	0.0	0.0	0.0	0.0	0.0	0.0	0.00210378681627	0.0	0.0	0.0	0.0	0.0	0.0	0.000559284116331	0.0	0.0	0.0	0.0	0.0	0.0039234919078	0.0	0.0	0.0	0.0	0.0	0.0	0.0	0.0	0.00130890052356	0.000520291363163
k__Bacteria;p__Nitrospirae;c__Nitrospira;o__Nitrospirales;f__[Thermodesulfovibrionaceae]	0.0	0.0	0.0	0.0	0.0	0.0	0.0	0.0	0.0	0.0	0.0	0.0	0.0	0.0	0.0	0.0	0.0	0.0	0.0	0.0	0.0	0.0	0.000401284109149	0.0	0.0	0.0	0.0	0.0	0.0	0.0	0.0	0.0	0.0	0.0	0.0	0.0	0.0	0.0	0.0	0.0	0.0	0.0	0.0	0.0	0.0	0.0	0.0	0.0	0.0	0.0	0.0	0.0	0.0	0.0	0.0	0.0	0.0	0.0	0.0	0.0	0.0	0.0	0.0	0.0	0.0	0.0	0.0	0.0	0.0	0.0	0.0	0.0	0.0	0.0	0.0	0.0	0.0	0.0	0.0	0.0	0.0	0.00111111111111	0.0	0.0	0.0	0.0	0.0	0.0	0.0	0.0	0.0	0.0	0.0	0.0	0.0
k__Bacteria;p__Proteobacteria;c__Alphaproteobacteria;o__Rhodospirillales;f__Rhodospirillaceae	0.0	0.0	0.0	0.0	0.0	0.0	0.0	0.0	0.0	0.0	0.0	0.0	0.0	0.0	0.0	0.0	0.0	0.0	0.0	0.0	0.0	0.0	0.0	0.000491883915396	0.0	0.0	0.0	0.0	0.0	0.0	0.0	0.0	0.0	0.0	0.0	0.0	0.0	0.0	0.0	0.0	0.0	0.0	0.0	0.0	0.0	0.0	0.0	0.0	0.0	0.0	0.0	0.0	0.0	0.0	0.0	0.0	0.0	0.0	0.0	0.0	0.0	0.0	0.0	0.0	0.0	0.0	0.0	0.0	0.0	0.0	0.0	0.0	0.0	0.0	0.0	0.0	0.0	0.0	0.0	0.0	0.0	0.0	0.0	0.0	0.0	0.0	0.0	0.0	0.0	0.0	0.0	0.0	0.0	0.0	0.0
k__Bacteria;p__Proteobacteria;c__Alphaproteobacteria;o__Rickettsiales;f__	0.0	0.0	0.0	0.0	0.0	0.0	0.0	0.0	0.0	0.0	0.0	0.0	0.0	0.0	0.0	0.000362187613184	0.0	0.0	0.0	0.0	0.0	0.0	0.0	0.0	0.0	0.0	0.0	0.0	0.0	0.0	0.0	0.0	0.0	0.0	0.0	0.0	0.0	0.0	0.0	0.0	0.0	0.0	0.0	0.0	0.0	0.0	0.0	0.0	0.0	0.0	0.0	0.0	0.0	0.0	0.0	0.0	0.0	0.0	0.0	0.0	0.0	0.0	0.0	0.0	0.0	0.0	0.0	0.0	0.0	0.0	0.0	0.0	0.0	0.0	0.0	0.0	0.0	0.0	0.0	0.0	0.0	0.0	0.0	0.0	0.0	0.0	0.0	0.0	0.0	0.0	0.0	0.0	0.0	0.0	0.0
k__Bacteria;p__Proteobacteria;c__Alphaproteobacteria;o__Sphingomonadales;f__Erythrobacteraceae	0.0	0.0	0.0	0.0	0.0	0.0	0.0	0.0	0.0	0.0	0.0	0.0	0.0	0.0	0.0	0.0	0.0	0.0	0.0	0.0	0.0	0.0	0.0	0.0	0.0	0.0	0.0	0.0	0.0	0.0	0.0	0.0	0.0	0.0	0.0	0.0	0.0	0.0	0.0	0.0	0.0	0.0	0.0	0.0	0.0	0.0	0.0	0.0	0.0	0.0	0.0	0.0	0.0	0.0	0.0	0.0	0.0	0.0	0.0	0.0	0.0	0.0	0.0	0.0	0.0	0.0	0.0	0.000603136308806	0.0	0.0	0.0	0.0	0.0	0.0	0.0	0.0	0.0	0.0	0.0	0.0	0.0	0.0	0.0	0.0	0.0	0.0	0.0	0.0	0.0	0.0	0.0	0.0	0.0	0.0	0.0
k__Bacteria;p__Proteobacteria;c__Betaproteobacteria;o__Burkholderiales;f__	0.0	0.0	0.0	0.0	0.0	0.0	0.0	0.0	0.0	0.0	0.0	0.0	0.0	0.0	0.0	0.0	0.0	0.0	0.0	0.0	0.0	0.0	0.0	0.0	0.0	0.0	0.0	0.0	0.0	0.0	0.0	0.0	0.0	0.0	0.0	0.0	0.0	0.0	0.0	0.0	0.0	0.0	0.0	0.0	0.0	0.0	0.0	0.0	0.0	0.0	0.0	0.0	0.0	0.0	0.0	0.0	0.0	0.0	0.0	0.0	0.0	0.0	0.0	0.0	0.0	0.0	0.0	0.0	0.0	0.0	0.000554938956715	0.0	0.0	0.0	0.0	0.0	0.0	0.0	0.0	0.0	0.0	0.0	0.0	0.0	0.0	0.0	0.0	0.0	0.0	0.0	0.0	0.0	0.0	0.0	0.0
k__Bacteria;p__Proteobacteria;c__Betaproteobacteria;o__Burkholderiales;f__Alcaligenaceae	0.0048465266559	0.00233781414378	0.002691065662	0.00260078023407	0.00172043010753	0.0036231884058	0.00208986415883	0.00134288272158	0.00131984161901	0.00843170320405	0.00423728813559	0.00262368815592	0.00230414746544	0.00285306704708	0.00249791840133	0.00325968851865	0.00362154821186	0.00225988700565	0.000754716981132	0.000943841434639	0.000368188512518	0.00291545189504	0.00441412520064	0.00344318740777	0.00425934690014	0.00147710487445	0.000488758553275	0.00564971751412	0.000521376433785	0.00614124872057	0.0	0.0	0.0	0.00363342753331	0.000699300699301	0.00214592274678	0.0	0.00284225485552	0.0	0.00157977883096	0.00408163265306	0.00257842715943	0.00162667751118	0.00242600679282	0.00154878678369	0.0011641443539	0.00056657223796	0.00133809099019	0.00426191398683	0.0	0.00308761096102	0.00318616294948	0.00115406809002	0.000755287009063	0.000876424189308	0.00140318054256	0.000885347498893	0.0	0.00336473755047	0.00133600534402	0.00068073519401	0.00292568753657	0.0	0.00076103500761	0.00160256410256	0.0	0.0014847809948	0.00120627261761	0.0	0.000562113546936	0.000554938956715	0.000350631136045	0.00138408304498	0.0031847133758	0.00285132382892	0.0016168148747	0.00249376558603	0.000688231245699	0.000559284116331	0.00530828909759	0.00653594771242	0.00277777777778	0.00240192153723	0.000753012048193	0.00686611083865	0.00307881773399	0.000637755102041	0.00101163378857	0.000569800569801	0.0	0.00483481063658	0.0	0.00065274151436	0.00130890052356	0.0
k__Bacteria;p__Proteobacteria;c__Betaproteobacteria;o__Burkholderiales;f__Burkholderiaceae	0.0	0.0	0.0	0.0	0.0	0.0	0.0	0.0	0.0	0.0	0.0	0.0	0.0	0.0	0.0	0.0	0.0	0.0	0.0	0.0	0.0	0.0	0.0	0.0	0.0	0.0	0.0	0.0	0.0	0.0	0.0	0.0	0.0	0.0	0.0	0.0	0.0	0.0	0.0	0.0	0.0	0.0	0.0	0.0	0.0	0.0	0.0	0.0	0.0	0.0	0.0	0.0	0.0	0.0	0.0	0.0	0.0	0.0	0.0	0.0	0.0	0.0	0.0	0.00076103500761	0.0	0.0	0.0	0.0	0.0	0.0	0.0	0.0	0.0	0.0	0.0	0.0	0.0	0.0	0.0	0.0	0.0	0.0	0.0	0.0	0.0	0.0	0.0	0.0	0.0	0.0	0.0	0.0	0.0	0.0	0.0
k__Bacteria;p__Proteobacteria;c__Betaproteobacteria;o__Burkholderiales;f__Comamonadaceae	0.0	0.0	0.0	0.0	0.0	0.0	0.0	0.0	0.0	0.0	0.0	0.0	0.0	0.0	0.0	0.0	0.0	0.0	0.0	0.0	0.0	0.0	0.0	0.0	0.0	0.0	0.0	0.0	0.0	0.0	0.0	0.0	0.0	0.0	0.0	0.0	0.0	0.0	0.0	0.0	0.0	0.0	0.0	0.0	0.0	0.0	0.0	0.0	0.0	0.0	0.0	0.0	0.0	0.0	0.0	0.0	0.0	0.0	0.0	0.0	0.0	0.0	0.0	0.0	0.0	0.0	0.0	0.0	0.0	0.0	0.0	0.0	0.0	0.0	0.0	0.0	0.0	0.0	0.0	0.0	0.0	0.0	0.00080064051241	0.0	0.0	0.0	0.0	0.0	0.0	0.0	0.0	0.0	0.0	0.00065445026178	0.0
k__Bacteria;p__Proteobacteria;c__Betaproteobacteria;o__Burkholderiales;f__Oxalobacteraceae	0.0	0.0	0.0	0.0	0.0	0.0	0.0	0.0	0.0	0.0	0.0	0.0	0.0	0.0	0.0	0.0	0.0	0.0	0.0	0.0	0.0	0.0	0.0	0.0	0.0	0.0	0.0	0.0	0.0	0.0	0.0	0.0	0.0	0.0	0.0	0.0	0.0	0.0	0.0	0.0	0.0	0.0	0.0	0.0	0.0	0.0	0.0	0.0	0.0	0.0	0.0	0.0	0.0	0.0	0.0	0.0	0.0	0.0	0.0	0.0	0.0	0.0	0.0	0.0	0.0	0.0	0.000742390497402	0.0	0.0	0.0	0.0	0.0	0.0	0.0	0.0	0.0	0.000623441396509	0.0	0.0	0.0	0.0	0.0	0.0	0.0	0.0	0.0	0.000637755102041	0.0	0.0	0.0	0.0	0.0	0.0	0.00130890052356	0.0
k__Bacteria;p__Proteobacteria;c__Betaproteobacteria;o__Neisseriales;f__Neisseriaceae	0.0	0.0	0.0	0.0	0.0	0.0	0.0	0.0	0.0	0.0	0.0	0.0	0.0	0.0	0.0	0.0	0.0	0.0	0.0	0.0	0.0	0.0	0.0	0.0	0.0	0.0	0.0	0.0	0.0	0.0	0.0	0.0	0.0	0.0	0.0	0.0	0.0	0.0	0.0	0.0	0.0	0.0	0.0	0.0	0.0	0.0	0.0	0.0	0.0	0.0	0.0	0.0	0.0	0.0	0.0	0.0	0.0	0.0	0.0	0.0	0.0	0.0	0.0	0.0	0.000534188034188	0.0	0.0	0.0	0.0	0.0	0.0	0.0	0.0	0.0	0.0	0.0	0.0	0.0	0.0	0.000408329930584	0.0	0.0	0.0	0.0	0.0	0.0	0.0	0.0	0.0	0.0	0.0	0.0	0.0	0.0	0.0
k__Bacteria;p__Proteobacteria;c__Deltaproteobacteria;o__Desulfovibrionales;f__Desulfovibrionaceae	0.0107700592353	0.00584453535944	0.00914962325081	0.00520156046814	0.0	0.00517598343685	0.00365726227795	0.00626678603402	0.00351957765068	0.00548060708263	0.0057781201849	0.00487256371814	0.00576036866359	0.0038040893961	0.00416319733555	0.00362187613184	0.00135808057945	0.0131826741996	0.00528301886792	0.00896649362907	0.00625920471281	0.00874635568513	0.00321027287319	0.00737825873094	0.00946521533365	0.00344657804037	0.00439882697947	0.00363196125908	0.00990615224192	0.00409416581372	0.0061135371179	0.000525762355415	0.00917431192661	0.0137262817925	0.027972027972	0.0112660944206	0.0134861766689	0.013737565135	0.0326086956522	0.028962611901	0.0122448979592	0.0103137086377	0.0117934119561	0.00630761766133	0.0123902942695	0.0100892510671	0.0583569405099	0.0	0.0290585044556	0.0097192224622	0.0100347356233	0.00364132908512	0.0444316214657	0.00226586102719	0.00657318141981	0.000935453695042	0.00309871624613	0.0	0.000672947510094	0.0948563794255	0.00204220558203	0.00351082504389	0.179963735267	0.00152207001522	0.111111111111	0.0283425754775	0.0014847809948	0.00180940892642	0.0108447488584	0.000562113546936	0.0316315205327	0.138148667602	0.00484429065744	0.00212314225053	0.0134419551935	0.0614389652385	0.0205735660848	0.00412938747419	0.177293064877	0.00408329930584	0.00980392156863	0.0955555555556	0.013610888711	0.0647590361446	0.136341343796	0.0227832512315	0.0229591836735	0.0121396054628	0.000569800569801	0.0051847051199	0.00322320709106	0.00477489768076	0.0189295039164	0.0176701570681	0.000520291363163
k__Bacteria;p__Proteobacteria;c__Deltaproteobacteria;o__Myxococcales;f__	0.0	0.0	0.0	0.0	0.0	0.0	0.0	0.0	0.0	0.0	0.0	0.0	0.0	0.0	0.0	0.0	0.0	0.0	0.0	0.0	0.0	0.0	0.0	0.0	0.0	0.0	0.0	0.0	0.0	0.0	0.0	0.0	0.0	0.0	0.0	0.0	0.0	0.0	0.0	0.0	0.0	0.0	0.0	0.0	0.0	0.0	0.0	0.0	0.0	0.0	0.0	0.0	0.0	0.0	0.0	0.0	0.0	0.0	0.0	0.0	0.0	0.0	0.0	0.0	0.0	0.0	0.0	0.0	0.0	0.0	0.0	0.0	0.0	0.0	0.0	0.0	0.0	0.0	0.0	0.0	0.0	0.0	0.0	0.0	0.0	0.0	0.0	0.0	0.0	0.0	0.000805801772764	0.0	0.0	0.0	0.0
k__Bacteria;p__Proteobacteria;c__Deltaproteobacteria;o__Syntrophobacterales;f__Syntrophaceae	0.0	0.0	0.0	0.0	0.0	0.0	0.0	0.0	0.0	0.0	0.0	0.0	0.0	0.0	0.0	0.0	0.0	0.0	0.0	0.0	0.0	0.0	0.0	0.0	0.0	0.0	0.0	0.0	0.0	0.0	0.0	0.0	0.0	0.0	0.0	0.0	0.0	0.0	0.0	0.0	0.0	0.0	0.0	0.0	0.0	0.000388048117967	0.0	0.0	0.0	0.0	0.0	0.0	0.0	0.0	0.0	0.0	0.0	0.0	0.0	0.0	0.0	0.0	0.0	0.0	0.0	0.0	0.0	0.0	0.0	0.0	0.0	0.0	0.0	0.0	0.0	0.0	0.0	0.0	0.0	0.0	0.0	0.0	0.0	0.0	0.0	0.0	0.0	0.0	0.0	0.0	0.0	0.0	0.0	0.0	0.0
k__Bacteria;p__Proteobacteria;c__Epsilonproteobacteria;o__Campylobacterales;f__Helicobacteraceae	0.0	0.0	0.0	0.0	0.0	0.0	0.0	0.0	0.0	0.0	0.0	0.0	0.0	0.0	0.0	0.0	0.0	0.000376647834275	0.0	0.0	0.0	0.0	0.0	0.0	0.0	0.0	0.0	0.0	0.0	0.0	0.0	0.0	0.0	0.0	0.0	0.0	0.0	0.0	0.0	0.0	0.0	0.0	0.0	0.0	0.0	0.0	0.0	0.0	0.0	0.0	0.0	0.0	0.0	0.0	0.0	0.0	0.0	0.0	0.0	0.0	0.0	0.0	0.0	0.0	0.0	0.0	0.0	0.0	0.0	0.0	0.0	0.0	0.0	0.0	0.0	0.0	0.0	0.0	0.0	0.0	0.0	0.0	0.0	0.0	0.0	0.0	0.0	0.0	0.0	0.0	0.0	0.0	0.0	0.0	0.0
k__Bacteria;p__Proteobacteria;c__Gammaproteobacteria;o__Alteromonadales;f__Alteromonadaceae	0.0	0.0	0.0	0.0	0.0	0.0	0.0	0.0	0.0	0.0	0.0	0.0	0.0	0.0	0.0	0.0	0.0	0.0	0.0	0.0	0.0	0.0	0.0	0.0	0.0	0.0	0.0	0.0	0.0	0.0	0.0	0.0	0.0	0.0	0.0	0.0	0.0	0.0	0.0	0.0	0.0	0.0	0.0	0.000485201358564	0.0	0.0	0.0	0.0	0.0	0.0	0.0	0.0	0.0	0.0	0.0	0.0	0.0	0.0	0.0	0.0	0.0	0.0	0.0	0.0	0.0	0.0	0.0	0.0	0.0	0.0	0.0	0.0	0.0	0.0	0.0	0.0	0.0	0.0	0.0	0.0	0.0	0.0	0.0	0.0	0.0	0.0	0.0	0.0	0.0	0.0	0.0	0.0	0.0	0.0	0.0
k__Bacteria;p__Proteobacteria;c__Gammaproteobacteria;o__Chromatiales;f__Chromatiaceae	0.0	0.0	0.0	0.0	0.0	0.0	0.0	0.0	0.0	0.0	0.0	0.000374812593703	0.0	0.0	0.0	0.0	0.0	0.0	0.0	0.0	0.0	0.0	0.0	0.0	0.0	0.0	0.0	0.0	0.0	0.0	0.0	0.0	0.0	0.0	0.0	0.0	0.0	0.0	0.0	0.0	0.0	0.0	0.0	0.0	0.0	0.0	0.0	0.0	0.0	0.0	0.0	0.0	0.0	0.0	0.0	0.0	0.0	0.0	0.0	0.0	0.0	0.0	0.0	0.0	0.0	0.0	0.0	0.0	0.0	0.0	0.0	0.0	0.0	0.0	0.0	0.0	0.0	0.0	0.0	0.0	0.0	0.0	0.0	0.0	0.0	0.0	0.0	0.0	0.0	0.0	0.0	0.0	0.0	0.0	0.0
k__Bacteria;p__Proteobacteria;c__Gammaproteobacteria;o__Enterobacteriales;f__Enterobacteriaceae	0.0	0.0	0.0	0.0	0.0	0.0	0.0	0.0	0.0	0.0	0.0	0.0	0.0	0.0	0.0	0.0	0.0	0.0	0.0	0.0	0.0	0.0	0.0	0.0	0.0	0.0	0.0	0.0	0.0	0.0	0.0	0.0	0.0	0.0	0.0	0.0	0.0	0.0	0.0	0.0	0.0	0.0	0.0	0.0	0.0	0.0	0.0	0.0	0.0	0.0	0.0	0.0	0.0	0.0	0.0	0.0	0.0	0.0	0.0	0.0	0.0	0.0	0.0	0.0	0.0	0.0	0.0014847809948	0.0	0.0	0.0	0.0	0.0	0.000692041522491	0.0	0.00040733197556	0.0	0.0	0.000688231245699	0.0	0.0	0.0	0.0	0.0	0.0	0.000490436488475	0.0	0.0	0.00101163378857	0.0	0.0	0.0	0.0	0.00195822454308	0.0	0.000520291363163
k__Bacteria;p__Proteobacteria;c__Gammaproteobacteria;o__Oceanospirillales;f__SUP05	0.0	0.0	0.0	0.0	0.0	0.0	0.0	0.0	0.0	0.0	0.0	0.0	0.0	0.0	0.0	0.0	0.0	0.0	0.0	0.0	0.0	0.0	0.0	0.0	0.000473260766682	0.0	0.0	0.0	0.0	0.0	0.0	0.0	0.0	0.0	0.0	0.0	0.0	0.0	0.0	0.0	0.0	0.0	0.0	0.0	0.0	0.0	0.0	0.0	0.0	0.0	0.0	0.0	0.0	0.0	0.0	0.0	0.0	0.0	0.0	0.0	0.0	0.0	0.0	0.0	0.0	0.0	0.0	0.0	0.0	0.0	0.0	0.0	0.0	0.0	0.0	0.0	0.0	0.0	0.0	0.0	0.0	0.0	0.0	0.0	0.0	0.0	0.0	0.0	0.0	0.0	0.0	0.0	0.0	0.0	0.0
k__Bacteria;p__Proteobacteria;c__Gammaproteobacteria;o__Pasteurellales;f__Pasteurellaceae	0.0	0.0	0.0	0.0	0.0	0.0	0.0	0.0	0.0	0.0	0.0	0.0	0.0	0.0	0.0	0.0	0.0	0.0	0.0	0.0	0.0	0.0	0.0	0.0	0.0	0.0	0.0	0.0	0.0	0.0	0.0	0.0	0.0	0.0	0.0	0.0	0.0	0.0	0.0	0.0	0.0	0.0	0.0	0.0	0.0	0.0	0.0	0.0	0.0	0.0	0.0	0.0	0.0	0.0	0.0	0.0	0.0	0.0	0.0	0.0	0.0	0.0	0.0	0.0	0.0	0.0	0.0	0.0	0.0	0.0	0.0	0.0	0.0	0.0	0.0	0.0	0.0	0.0	0.0	0.0	0.0	0.0	0.0	0.000753012048193	0.0	0.0	0.0	0.0	0.0	0.0	0.0	0.0	0.0	0.0	0.0
k__Bacteria;p__Proteobacteria;c__Gammaproteobacteria;o__Pseudomonadales;f__Moraxellaceae	0.0	0.0	0.0	0.0	0.0	0.0	0.0	0.0	0.0	0.0	0.0	0.0	0.0	0.0	0.0	0.0	0.0	0.0	0.0	0.0	0.0	0.0	0.0	0.0	0.0	0.0	0.0	0.000403551251009	0.0	0.0	0.0	0.0	0.0	0.0	0.0	0.0	0.0	0.0	0.0	0.0	0.0	0.0	0.0	0.0	0.0	0.0	0.0	0.0	0.0	0.0	0.0	0.0	0.0	0.0	0.0	0.0	0.0	0.0	0.0	0.0	0.0	0.0	0.0	0.0	0.0	0.0	0.000742390497402	0.0	0.0	0.0	0.000554938956715	0.0	0.0	0.0	0.0	0.0	0.0	0.0	0.0	0.0	0.00108932461874	0.0	0.0	0.0	0.0	0.0	0.0	0.0	0.0	0.0	0.0	0.0	0.00065274151436	0.00065445026178	0.0
k__Bacteria;p__Proteobacteria;c__Gammaproteobacteria;o__Pseudomonadales;f__Pseudomonadaceae	0.0	0.0	0.0	0.0	0.0	0.0	0.0	0.0	0.0	0.0	0.0	0.0	0.0	0.0	0.0	0.0	0.0	0.0	0.0	0.0	0.0	0.0	0.0	0.0	0.0	0.0	0.0	0.0	0.0	0.0	0.0	0.0	0.0	0.0	0.0	0.0	0.0	0.0	0.0	0.0	0.0	0.0	0.0	0.0	0.0	0.0	0.0	0.0	0.0	0.0	0.0	0.0	0.0	0.0	0.0	0.0	0.0	0.0	0.0	0.0	0.0	0.0	0.0	0.0	0.0	0.000616142945163	0.0014847809948	0.0	0.0	0.0	0.0	0.0	0.0	0.0	0.0	0.0	0.0	0.0	0.0	0.0	0.0	0.0	0.0	0.0	0.0	0.0	0.0	0.0	0.0	0.0	0.0	0.0	0.0	0.00065445026178	0.0
k__Bacteria;p__Synergistetes;c__Synergistia;o__Synergistales;f__Dethiosulfovibrionaceae	0.0	0.000584453535944	0.0005382131324	0.0	0.000430107526882	0.0	0.0	0.0	0.0	0.0	0.0	0.000374812593703	0.0	0.0	0.0	0.0	0.0	0.0	0.000377358490566	0.0	0.0	0.0	0.0	0.0	0.0	0.0	0.0	0.0	0.0	0.0	0.0	0.0	0.0	0.0	0.0	0.0	0.0	0.0	0.0	0.0	0.0	0.0	0.0	0.0	0.0	0.0	0.0	0.0	0.0	0.0	0.0	0.0	0.0	0.0	0.0	0.0	0.000442673749447	0.0	0.0	0.0	0.0	0.0	0.0	0.0	0.0	0.0	0.0	0.0	0.0	0.0	0.0	0.0	0.0	0.0	0.0	0.0	0.0	0.0	0.0	0.0	0.0	0.0	0.0	0.0	0.0	0.0	0.0	0.0	0.0	0.0	0.0	0.0	0.0	0.0	0.0
k__Bacteria;p__TM7;c__TM7-3;o__CW040;f__F16	0.0016155088853	0.00233781414378	0.0021528525296	0.00390117035111	0.000860215053763	0.00103519668737	0.00156739811912	0.00179051029543	0.0	0.000421585160202	0.00154083204931	0.00299850074963	0.00115207373272	0.000951022349025	0.00124895920067	0.00108656283955	0.00135808057945	0.0	0.00150943396226	0.00283152430392	0.00220913107511	0.00291545189504	0.000401284109149	0.000491883915396	0.0	0.00196947316593	0.000977517106549	0.000807102502018	0.00104275286757	0.00153531218014	0.00174672489083	0.00315457413249	0.00786369593709	0.000807428340735	0.00559440559441	0.00214592274678	0.00269723533378	0.000473709142586	0.0127877237852	0.00842548709847	0.0	0.00257842715943	0.000813338755592	0.0	0.000516262261229	0.00388048117967	0.0215297450425	0.00133809099019	0.0015497869043	0.0	0.000771902740255	0.0	0.00403923831506	0.00604229607251	0.00350569675723	0.000935453695042	0.00132802124834	0.0	0.00336473755047	0.0434201736807	0.00340367597005	0.00936220011703	0.0743427017226	0.0	0.00320512820513	0.00616142945163	0.00593912397921	0.00542822677925	0.00399543378995	0.00224845418775	0.0133185349612	0.0266479663394	0.00346020761246	0.00636942675159	0.00122199592668	0.0016168148747	0.00872817955112	0.0	0.0648769574944	0.0024499795835	0.00217864923747	0.00111111111111	0.0112089671737	0.0180722891566	0.0039234919078	0.00492610837438	0.0146683673469	0.00303490136571	0.00740740740741	0.00324044069994	0.0112812248187	0.0143246930423	0.0248041775457	0.0274869109948	0.0057232049948
k__Bacteria;p__Tenericutes;c__Mollicutes;o__Anaeroplasmatales;f__Anaeroplasmataceae	0.000538502961766	0.0	0.0	0.00260078023407	0.0	0.00155279503106	0.00365726227795	0.00268576544315	0.00659920809503	0.0	0.0	0.00449775112444	0.00230414746544	0.000475511174513	0.000832639467111	0.0	0.0	0.0	0.0011320754717	0.00566304860783	0.00368188512518	0.000416493127863	0.0	0.000983767830792	0.000473260766682	0.00443131462334	0.00293255131965	0.000403551251009	0.00417101147028	0.00460593654043	0.000436681222707	0.0	0.0	0.00484457004441	0.0	0.0128755364807	0.0	0.0132638559924	0.000639386189258	0.0	0.0	0.00343790287924	0.00162667751118	0.00145560407569	0.00103252452246	0.0069848661234	0.0	0.0	0.0	0.00755939524838	0.00231570822076	0.00682749203459	0.0	0.0	0.00525854513585	0.00327408793265	0.0119521912351	0.0	0.0	0.000668002672011	0.0	0.0	0.0	0.0	0.00106837606838	0.0	0.0014847809948	0.0	0.00228310502283	0.0	0.0	0.00140252454418	0.0	0.0	0.00040733197556	0.0	0.0	0.0013764624914	0.0	0.00163331972234	0.0	0.0	0.0	0.000753012048193	0.0	0.0	0.000637755102041	0.0	0.0	0.0	0.0	0.00136425648022	0.00195822454308	0.0	0.0
k__Bacteria;p__Tenericutes;c__Mollicutes;o__RF39;f__	0.0	0.0	0.0	0.0	0.0	0.0	0.0	0.0	0.0	0.0	0.0	0.0	0.0	0.0	0.0	0.0	0.0	0.0	0.0	0.0	0.0	0.0	0.0	0.0	0.0	0.0	0.0	0.0	0.0	0.0	0.0	0.0	0.0	0.0	0.0	0.0	0.0	0.0	0.000639386189258	0.0	0.0	0.0	0.0	0.0	0.0	0.0	0.0	0.0	0.0	0.0	0.0	0.0	0.0	0.0	0.0	0.0	0.0	0.0	0.0	0.0	0.0	0.0	0.0	0.0	0.0	0.0	0.0	0.0	0.0	0.0	0.0	0.0	0.0	0.0	0.0	0.0	0.0	0.0	0.0	0.0	0.0	0.0	0.0	0.0	0.0	0.0	0.0	0.0	0.0	0.0	0.0	0.0	0.0	0.0	0.0