Feature_id	Mean_decrease_in_accuracy	Standard_deviation
171617	0.0178740991292849	NA
2435303	0.0123972912192726	NA
189721	0.00930666427655592	NA
185550	0.00648852644864894	NA
176582	0.00634860234364878	NA
306275	0.00627153277578974	NA
337724	0.00622217568256066	NA
214919	0.00560042031374647	NA
1106614	0.00528806754820687	NA
1992	0.0052370814857657	NA
214159	0.0048359821121431	NA
177427	0.004737790443131	NA
4403349	0.00455707405769325	NA
313757	0.00445551747014595	NA
191318	0.00438569831441348	NA
349798	0.00362183701231689	NA
234121	0.00360630771876902	NA
206213	0.00333124799177431	NA
194628	0.0032521456983363	NA
264489	0.00324392889532208	NA
205160	0.00322200193167685	NA
186760	0.00320369797041624	NA
196947	0.00307518897511158	NA
198753	0.00300473167669291	NA
228391	0.00294644994840041	NA
310751	0.00291767883818967	NA
204088	0.00274161919951394	NA
113397	0.00273088858166258	NA
1106862	0.00257539436827363	NA
207284	0.00257363261093911	NA
353982	0.00248947759327016	NA
198865	0.00228469793020877	NA
189327	0.00225800588039113	NA
190652	0.00222246670598064	NA
275743	0.00213649837994972	NA
175706	0.00205058429702393	NA
194490	0.0019766081871345	NA
263106	0.0019732692402197	NA
318162	0.00194392844857241	NA
261350	0.00194223884131005	NA
266120	0.00190214629711534	NA
234054	0.00185513293036513	NA
167509	0.00180085061137693	NA
1571092	0.00178614472902399	NA
189907	0.00177871963777537	NA
198026	0.00175410740192339	NA
427241	0.00173735810113519	NA
4449524	0.00172560719294465	NA
2212505	0.00164049707602339	NA
833390	0.00160487856656587	NA
273364	0.00159264904342304	NA
334761	0.00158966131907308	NA
160720	0.00157671138630891	NA
321972	0.00149767801857585	NA
263111	0.00144267973856209	NA
266860	0.00141771614178735	NA
189843	0.00141643966927316	NA
311286	0.00139962406015038	NA
162639	0.00138427005570968	NA
4327323	0.00135714040001966	NA
372368	0.00135601012334758	NA
259012	0.00134668042655659	NA
309302	0.00133253845397808	NA
276386	0.00132328043473554	NA
262677	0.0013156137893754	NA
174274	0.00131245421245421	NA
170555	0.00128610988254951	NA
198686	0.0012796783625731	NA
319909	0.00126900584795322	NA
183985	0.00125049879600963	NA
1684221	0.00123205364466974	NA
265029	0.00122565621214161	NA
228310	0.001225587412692	NA
215751	0.00119766081871345	NA
328276	0.00119698879551821	NA
199205	0.00119071469167377	NA
262454	0.00118015873015873	NA
531038	0.00116827485380117	NA
343577	0.00116676986584107	NA
266976	0.00115739423974718	NA
269873	0.00115722394220846	NA
181267	0.0011390977443609	NA
175646	0.00112376160990712	NA
336810	0.00109229446164431	NA
262825	0.00108713450292398	NA
190846	0.00107164077752313	NA
188355	0.00105098039215686	NA
273741	0.00104970760233918	NA
197980	0.00104865718217111	NA
228601	0.00104084967320261	NA
174177	0.00103666412407831	NA
192852	0.00103304093567251	NA
196385	0.00103159413685729	NA
198194	0.00102880362671384	NA
346870	0.00102695143656242	NA
185441	0.0010108997985159	NA
400443	0.000994547643618851	NA
335881	0.000956406166932483	NA
263899	0.000934956263207037	NA
529192	0.00093109243697479	NA
210056	0.000914786967418546	NA
182583	0.00091062951496388	NA
436341	0.000899854557207498	NA
318395	0.000896800825593395	NA
556126	0.000896276229790162	NA
4327881	0.000893999705145216	NA
339549	0.000877880976952184	NA
185328	0.000871345029239766	NA
272978	0.000843546365914787	NA
209028	0.000835353535353535	NA
186024	0.000826507556770715	NA
372622	0.000823290598290598	NA
308567	0.000796825396825397	NA
276195	0.000781139122315593	NA
443620	0.000762148337595908	NA
179265	0.000760233918128655	NA
233587	0.000753571428571429	NA
174590	0.000749504417151476	NA
179427	0.000743859649122807	NA
273967	0.000734341509883306	NA
179157	0.000733333333333333	NA
210383	0.000712179487179487	NA
298536	0.000708333333333333	NA
182037	0.000696428571428571	NA
296042	0.000693498452012384	NA
235017	0.000692412850307587	NA
273401	0.000686274509803922	NA
349310	0.000678210678210678	NA
267175	0.000668850267379679	NA
661055	0.000652941176470588	NA
263546	0.000650980392156863	NA
163862	0.000649309548380756	NA
278901	0.000649122807017544	NA
307416	0.000644189811698898	NA
263618	0.000610526315789474	NA
178659	0.000598015873015873	NA
199137	0.000592997198879552	NA
270303	0.000585818713450292	NA
277215	0.000584021327829377	NA
191887	0.000577777777777778	NA
187759	0.000575980392156863	NA
175416	0.000574323509308029	NA
269426	0.000573202614379085	NA
184966	0.000572649572649573	NA
4343528	0.000562777361135148	NA
190659	0.0005562435500516	NA
332608	0.000547910216718266	NA
174651	0.000533680967706409	NA
571242	0.000531475748194014	NA
3529330	0.000517344497607656	NA
175375	0.000515145260656096	NA
1105376	0.000499869281045752	NA
331720	0.000496791443850267	NA
307802	0.000492997198879552	NA
290637	0.000490909090909091	NA
192906	0.000487503607503608	NA
430219	0.000485412953060012	NA
328905	0.000481699346405229	NA
463289	0.000480263157894737	NA
329712	0.000474917239623122	NA
193620	0.000471395881006865	NA
2897325	0.000470588235294118	NA
267045	0.000464052287581699	NA
265793	0.000460084033613445	NA
186711	0.000451668386652907	NA
183927	0.000450980392156863	NA
265706	0.000449122807017544	NA
264093	0.000448148892730936	NA
175458	0.000446637426900585	NA
299171	0.000445820433436532	NA
385545	0.000440789473684211	NA
258877	0.00043343653250774	NA
266223	0.000432748538011696	NA
451273	0.000425396825396825	NA
1107461	0.000424242424242424	NA
325541	0.000421052631578947	NA
4449525	0.000411111111111111	NA
176925	0.000405263157894737	NA
2366688	0.000401960784313725	NA
339622	0.000401587301587302	NA
177269	0.000394338788146838	NA
263839	0.000392857142857143	NA
182945	0.000392857142857143	NA
332475	0.000388655462184874	NA
173739	0.000365079365079365	NA
267914	0.000361111111111111	NA
313431	0.000352941176470588	NA
345860	0.00035	NA
186332	0.00034640522875817	NA
183832	0.00034640522875817	NA
305127	0.000343358395989975	NA
193359	0.000339869281045752	NA
174255	0.000339869281045752	NA
273084	0.000328173374613003	NA
264646	0.000328173374613003	NA
263203	0.000328173374613003	NA
1111745	0.000327777777777778	NA
176119	0.000321172248803828	NA
263252	0.000320820433436532	NA
196085	0.000318148311956361	NA
311172	0.000317647058823529	NA
514640	0.000315789473684211	NA
316629	0.000315789473684211	NA
146672	0.000315789473684211	NA
175272	0.000315288220551378	NA
4297109	0.000315101479188167	NA
178274	0.00030983832129343	NA
327900	0.000309178743961353	NA
178558	0.000307692307692308	NA
4455677	0.000305263157894737	NA
265052	0.000303363303363303	NA
265322	0.000302865761689291	NA
186555	0.000299415204678363	NA
3851578	0.000296052631578947	NA
206790	0.000290767359575409	NA
269103	0.000287616099071207	NA
199532	0.000287081339712919	NA
173807	0.000282352941176471	NA
274438	0.000274971582836033	NA
180381	0.000264957264957265	NA
331491	0.000260504201680672	NA
4340358	0.000252777777777778	NA
336692	0.00025	NA
210908	0.00025	NA
4483392	0.00025	NA
345063	0.000235294117647059	NA
199445	0.000235294117647059	NA
175155	0.000235294117647059	NA
274749	0.000232247284878864	NA
273937	0.000230263157894737	NA
355905	0.000228758169934641	NA
331717	0.000228758169934641	NA
262416	0.000228758169934641	NA
264787	0.000225	NA
232975	0.000225	NA
825939	0.000222910216718266	NA
569581	0.000222910216718266	NA
160661	0.000222910216718266	NA
390896	0.000222222222222222	NA
334328	0.000222222222222222	NA
270662	0.000222222222222222	NA
269992	0.000222222222222222	NA
2120775	0.000222222222222222	NA
827376	0.000222222222222222	NA
274018	0.000216374269005848	NA
180092	0.000212616099071207	NA
416043	0.000210526315789474	NA
340690	0.000210526315789474	NA
315390	0.000210526315789474	NA
268155	0.000210526315789474	NA
263380	0.000210526315789474	NA
261519	0.000210526315789474	NA
181597	0.000210526315789474	NA
179548	0.000210526315789474	NA
166226	0.000210526315789474	NA
3302038	0.000210526315789474	NA
268927	0.000206349206349206	NA
312062	0.000205263157894737	NA
355746	0.000200501253132832	NA
266720	0.000200501253132832	NA
324595	2e-04	NA
276761	2e-04	NA
267470	2e-04	NA
193859	2e-04	NA
2374993	2e-04	NA
228730	0.000197198879551821	NA
265730	0.000196172248803828	NA
36503	0.000194805194805195	NA
331486	0.00019047619047619	NA
1107799	0.00019047619047619	NA
184517	0.000185024154589372	NA
196054	0.000181818181818182	NA
228798	0.00017624944714728	NA
174959	0.000173913043478261	NA
193288	0.000166666666666667	NA
2901239	0.000161344537815126	NA
311482	0.000156294401818699	NA
339013	0.000153846153846154	NA
189666	0.000153846153846154	NA
93099	0.000153846153846154	NA
849346	0.000153846153846154	NA
263687	0.000151737967914439	NA
188878	0.000144677424398787	NA
316925	0.000142857142857143	NA
273479	0.000142857142857143	NA
238487	0.000142857142857143	NA
195154	0.000142857142857143	NA
452014	0.000140873015873016	NA
189024	0.00013804347826087	NA
274297	0.00013784907902555	NA
345582	0.000137009189640769	NA
589475	0.000135504201680672	NA
574122	0.000133333333333333	NA
337561	0.000133333333333333	NA
335508	0.000133333333333333	NA
316892	0.000133333333333333	NA
303479	0.000133333333333333	NA
196825	0.000133333333333333	NA
188889	0.000133333333333333	NA
186773	0.000133333333333333	NA
179457	0.000133333333333333	NA
164308	0.000133333333333333	NA
2797565	0.000133333333333333	NA
404691	0.000125659577332077	NA
683621	0.000125	NA
449353	0.000125	NA
304604	0.000125	NA
300143	0.000125	NA
270385	0.000125	NA
259910	0.000125	NA
259625	0.000125	NA
233411	0.000125	NA
229683	0.000125	NA
211761	0.000125	NA
197874	0.000125	NA
197410	0.000125	NA
194906	0.000125	NA
192701	0.000125	NA
186921	0.000125	NA
176868	0.000125	NA
175658	0.000125	NA
166535	0.000125	NA
162576	0.000125	NA
107044	0.000125	NA
192255	0.000122910216718266	NA
1094991	0.000117647058823529	NA
537548	0.000117647058823529	NA
462764	0.000117647058823529	NA
409947	0.000117647058823529	NA
390820	0.000117647058823529	NA
348659	0.000117647058823529	NA
345208	0.000117647058823529	NA
342786	0.000117647058823529	NA
323403	0.000117647058823529	NA
296558	0.000117647058823529	NA
277588	0.000117647058823529	NA
276837	0.000117647058823529	NA
276312	0.000117647058823529	NA
275707	0.000117647058823529	NA
272749	0.000117647058823529	NA
270145	0.000117647058823529	NA
269775	0.000117647058823529	NA
268112	0.000117647058823529	NA
267514	0.000117647058823529	NA
266595	0.000117647058823529	NA
263873	0.000117647058823529	NA
262102	0.000117647058823529	NA
245595	0.000117647058823529	NA
189387	0.000117647058823529	NA
182033	0.000117647058823529	NA
176704	0.000117647058823529	NA
175573	0.000117647058823529	NA
174791	0.000117647058823529	NA
3998909	0.000117647058823529	NA
227967	0.000116959064327485	NA
311718	0.000116666666666667	NA
204111	0.000116374269005848	NA
448025	0.000111111111111111	NA
338796	0.000111111111111111	NA
337511	0.000111111111111111	NA
316842	0.000111111111111111	NA
312322	0.000111111111111111	NA
312145	0.000111111111111111	NA
312027	0.000111111111111111	NA
303184	0.000111111111111111	NA
276656	0.000111111111111111	NA
272209	0.000111111111111111	NA
270244	0.000111111111111111	NA
267388	0.000111111111111111	NA
262960	0.000111111111111111	NA
260914	0.000111111111111111	NA
258412	0.000111111111111111	NA
215750	0.000111111111111111	NA
215018	0.000111111111111111	NA
196697	0.000111111111111111	NA
191811	0.000111111111111111	NA
184470	0.000111111111111111	NA
181367	0.000111111111111111	NA
181091	0.000111111111111111	NA
175315	0.000111111111111111	NA
134762	0.000111111111111111	NA
3172949	0.000110526315789474	NA
329741	0.000109126984126984	NA
267046	0.000105847953216374	NA
589622	0.000105263157894737	NA
353149	0.000105263157894737	NA
339730	0.000105263157894737	NA
331193	0.000105263157894737	NA
293049	0.000105263157894737	NA
272850	0.000105263157894737	NA
271766	0.000105263157894737	NA
270988	0.000105263157894737	NA
266556	0.000105263157894737	NA
263933	0.000105263157894737	NA
261744	0.000105263157894737	NA
228972	0.000105263157894737	NA
216403	0.000105263157894737	NA
190380	0.000105263157894737	NA
187673	0.000105263157894737	NA
178145	0.000105263157894737	NA
177590	0.000105263157894737	NA
176298	0.000105263157894737	NA
610842	0.000105263157894737	NA
674611	0.000105263157894737	NA
4364243	0.000105263157894737	NA
4387246	0.000105263157894737	NA
4440970	0.000105263157894737	NA
177539	0.000104761904761905	NA
185483	0.000103758169934641	NA
332776	1e-04	NA
317099	1e-04	NA
288496	1e-04	NA
276141	1e-04	NA
271482	1e-04	NA
258946	1e-04	NA
197623	1e-04	NA
195711	1e-04	NA
178068	1e-04	NA
177512	1e-04	NA
175939	1e-04	NA
174417	1e-04	NA
320169	9.94152046783626e-05	NA
258559	9.94152046783626e-05	NA
517252	9.52380952380952e-05	NA
374503	9.52380952380952e-05	NA
259120	9.52380952380952e-05	NA
229386	9.52380952380952e-05	NA
187222	9.52380952380952e-05	NA
182079	9.52380952380952e-05	NA
209712	9.47368421052632e-05	NA
197074	9.41520467836257e-05	NA
356164	9.28792569659443e-05	NA
277202	9.28792569659443e-05	NA
273431	9.20622635018921e-05	NA
326567	9.09090909090909e-05	NA
289929	9.09090909090909e-05	NA
274136	9.09090909090909e-05	NA
211820	9.09090909090909e-05	NA
203605	9.09090909090909e-05	NA
199118	9.09090909090909e-05	NA
44827	9.09090909090909e-05	NA
4405128	9.09090909090909e-05	NA
268002	8.71794871794871e-05	NA
195047	8.69565217391304e-05	NA
178306	8.69565217391304e-05	NA
180471	8.65300506167379e-05	NA
317653	8.33333333333333e-05	NA
232072	7.5e-05	NA
198725	7.19298245614035e-05	NA
188187	6.54761904761905e-05	NA
184456	6.29370629370629e-05	NA
268410	5.09803921568627e-05	NA
1110766	4.44444444444445e-05	NA
193103	3.0690537084399e-05	NA
272290	2.67379679144385e-05	NA
177453	2.5e-05	NA
567595	2.28070175438597e-05	NA
338258	2.22222222222222e-05	NA
830014	1.97368421052632e-05	NA
275631	1.76470588235294e-05	NA
269172	1.58730158730159e-05	NA
177113	1.58730158730159e-05	NA
262625	1.38888888888889e-05	NA
188427	1.23839009287926e-05	NA
185353	1.11111111111111e-05	NA
331150	8.33333333333333e-06	NA
191199	7.35294117647059e-06	NA
357449	6.53594771241831e-06	NA
268706	5.84795321637427e-06	NA
268063	5.1599587203302e-06	NA
1111448	0	NA
1110412	0	NA
1110378	0	NA
1108078	0	NA
1107759	0	NA
1107057	0	NA
1105038	0	NA
1077336	0	NA
1062061	0	NA
1058815	0	NA
1056769	0	NA
1051764	0	NA
995155	0	NA
957330	0	NA
921813	0	NA
896489	0	NA
876705	0	NA
863682	0	NA
845273	0	NA
844006	0	NA
842596	0	NA
839200	0	NA
838200	0	NA
837859	0	NA
833816	0	NA
833502	0	NA
830189	0	NA
827689	0	NA
826303	0	NA
819181	0	NA
813654	0	NA
801995	0	NA
799034	0	NA
797021	0	NA
786646	0	NA
772398	0	NA
772384	0	NA
761968	0	NA
743396	0	NA
729559	0	NA
716006	0	NA
714867	0	NA
702414	0	NA
697874	0	NA
659831	0	NA
658370	0	NA
655725	0	NA
653533	0	NA
652823	0	NA
646499	0	NA
637409	0	NA
634449	0	NA
617833	0	NA
593980	0	NA
593422	0	NA
590951	0	NA
587753	0	NA
586453	0	NA
585073	0	NA
584020	0	NA
580270	0	NA
580093	0	NA
579658	0	NA
578649	0	NA
578016	0	NA
577512	0	NA
576400	0	NA
575041	0	NA
574551	0	NA
574302	0	NA
573916	0	NA
573110	0	NA
573087	0	NA
569872	0	NA
569552	0	NA
569522	0	NA
566930	0	NA
566022	0	NA
565625	0	NA
564806	0	NA
564771	0	NA
564400	0	NA
564290	0	NA
562503	0	NA
561662	0	NA
561312	0	NA
557570	0	NA
557381	0	NA
553150	0	NA
552651	0	NA
551575	0	NA
549499	0	NA
548692	0	NA
548161	0	NA
548021	0	NA
547903	0	NA
547555	0	NA
545473	0	NA
544419	0	NA
543614	0	NA
542857	0	NA
542126	0	NA
540500	0	NA
539820	0	NA
539688	0	NA
538947	0	NA
535829	0	NA
533969	0	NA
533480	0	NA
532569	0	NA
532118	0	NA
531888	0	NA
529764	0	NA
528756	0	NA
528067	0	NA
527751	0	NA
527413	0	NA
527032	0	NA
526552	0	NA
526468	0	NA
525763	0	NA
525474	0	NA
523731	0	NA
523099	0	NA
522549	0	NA
522433	0	NA
521586	0	NA
520931	0	NA
520827	0	NA
520775	0	NA
519398	0	NA
519290	0	NA
516576	0	NA
516553	0	NA
515511	0	NA
514996	0	NA
514299	0	NA
514282	0	NA
514272	0	NA
514192	0	NA
513685	0	NA
513532	0	NA
513080	0	NA
511234	0	NA
510843	0	NA
510593	0	NA
468313	0	NA
465079	0	NA
463843	0	NA
461795	0	NA
457614	0	NA
457371	0	NA
454363	0	NA
453955	0	NA
453896	0	NA
453405	0	NA
452592	0	NA
449833	0	NA
449417	0	NA
447141	0	NA
446135	0	NA
442846	0	NA
441468	0	NA
438304	0	NA
434089	0	NA
431368	0	NA
423830	0	NA
423455	0	NA
422727	0	NA
422283	0	NA
421893	0	NA
420345	0	NA
418334	0	NA
417981	0	NA
416286	0	NA
415491	0	NA
413996	0	NA
413695	0	NA
408513	0	NA
407393	0	NA
406247	0	NA
405780	0	NA
405046	0	NA
403497	0	NA
401717	0	NA
401384	0	NA
400871	0	NA
400739	0	NA
399637	0	NA
399606	0	NA
398255	0	NA
397363	0	NA
397065	0	NA
396109	0	NA
395040	0	NA
389529	0	NA
388808	0	NA
387615	0	NA
384555	0	NA
383659	0	NA
382998	0	NA
382220	0	NA
381694	0	NA
381219	0	NA
377756	0	NA
376516	0	NA
375106	0	NA
373939	0	NA
373923	0	NA
373909	0	NA
373689	0	NA
373449	0	NA
369827	0	NA
368318	0	NA
367977	0	NA
367688	0	NA
366797	0	NA
366752	0	NA
366584	0	NA
365492	0	NA
364034	0	NA
363127	0	NA
363017	0	NA
362997	0	NA
362958	0	NA
361972	0	NA
361928	0	NA
361927	0	NA
361845	0	NA
361375	0	NA
360861	0	NA
360808	0	NA
360660	0	NA
358483	0	NA
358364	0	NA
357471	0	NA
357305	0	NA
356657	0	NA
356632	0	NA
356627	0	NA
356590	0	NA
356404	0	NA
356226	0	NA
356148	0	NA
356138	0	NA
356055	0	NA
355940	0	NA
355939	0	NA
355822	0	NA
355697	0	NA
355621	0	NA
355468	0	NA
355440	0	NA
355175	0	NA
355019	0	NA
354971	0	NA
354957	0	NA
354612	0	NA
354163	0	NA
354097	0	NA
353964	0	NA
353923	0	NA
353711	0	NA
353688	0	NA
353657	0	NA
353593	0	NA
353453	0	NA
353195	0	NA
353131	0	NA
352902	0	NA
352843	0	NA
352825	0	NA
352812	0	NA
352799	0	NA
352612	0	NA
352559	0	NA
352533	0	NA
352445	0	NA
352262	0	NA
352243	0	NA
352222	0	NA
352192	0	NA
352171	0	NA
352022	0	NA
352013	0	NA
352010	0	NA
351972	0	NA
351881	0	NA
351794	0	NA
351659	0	NA
351623	0	NA
351593	0	NA
351478	0	NA
351465	0	NA
351449	0	NA
351447	0	NA
351309	0	NA
351272	0	NA
351253	0	NA
351070	0	NA
351062	0	NA
350447	0	NA
350404	0	NA
350392	0	NA
350381	0	NA
350337	0	NA
350320	0	NA
350188	0	NA
350175	0	NA
349971	0	NA
349882	0	NA
349862	0	NA
349809	0	NA
349783	0	NA
349539	0	NA
349537	0	NA
349459	0	NA
349458	0	NA
349372	0	NA
349348	0	NA
349246	0	NA
349036	0	NA
348948	0	NA
348875	0	NA
348800	0	NA
348785	0	NA
348743	0	NA
348617	0	NA
348508	0	NA
348404	0	NA
348393	0	NA
348376	0	NA
348313	0	NA
348227	0	NA
348197	0	NA
348142	0	NA
348038	0	NA
348009	0	NA
347991	0	NA
347822	0	NA
347783	0	NA
347744	0	NA
347690	0	NA
347655	0	NA
347490	0	NA
347337	0	NA
347226	0	NA
346804	0	NA
346771	0	NA
346764	0	NA
346595	0	NA
346525	0	NA
346474	0	NA
346299	0	NA
346267	0	NA
346253	0	NA
346119	0	NA
345994	0	NA
345986	0	NA
345913	0	NA
345882	0	NA
345557	0	NA
345301	0	NA
345211	0	NA
345191	0	NA
345126	0	NA
344906	0	NA
344828	0	NA
344706	0	NA
344500	0	NA
344400	0	NA
344329	0	NA
344198	0	NA
344108	0	NA
344101	0	NA
344085	0	NA
343853	0	NA
343811	0	NA
343442	0	NA
343422	0	NA
343420	0	NA
343183	0	NA
343140	0	NA
343130	0	NA
343030	0	NA
342988	0	NA
342962	0	NA
342887	0	NA
342788	0	NA
342787	0	NA
342504	0	NA
342489	0	NA
342404	0	NA
342356	0	NA
342223	0	NA
342110	0	NA
342014	0	NA
341913	0	NA
341766	0	NA
341752	0	NA
341749	0	NA
341713	0	NA
341453	0	NA
341343	0	NA
341287	0	NA
341284	0	NA
341227	0	NA
341223	0	NA
340853	0	NA
340794	0	NA
340761	0	NA
340642	0	NA
340601	0	NA
340600	0	NA
340535	0	NA
340451	0	NA
340436	0	NA
340254	0	NA
340162	0	NA
340111	0	NA
339992	0	NA
339988	0	NA
339948	0	NA
339905	0	NA
339834	0	NA
339791	0	NA
339720	0	NA
339718	0	NA
339473	0	NA
339017	0	NA
338987	0	NA
338887	0	NA
338845	0	NA
338778	0	NA
338741	0	NA
338644	0	NA
338553	0	NA
338382	0	NA
338372	0	NA
338348	0	NA
338345	0	NA
338290	0	NA
338232	0	NA
338133	0	NA
338039	0	NA
337762	0	NA
337727	0	NA
337673	0	NA
337470	0	NA
337336	0	NA
337317	0	NA
336872	0	NA
336785	0	NA
336696	0	NA
336501	0	NA
336277	0	NA
336247	0	NA
336214	0	NA
336145	0	NA
335965	0	NA
335952	0	NA
335846	0	NA
335793	0	NA
335411	0	NA
335401	0	NA
335330	0	NA
335312	0	NA
335267	0	NA
335183	0	NA
334935	0	NA
334751	0	NA
334697	0	NA
334670	0	NA
334619	0	NA
334617	0	NA
334602	0	NA
334538	0	NA
334365	0	NA
334292	0	NA
334267	0	NA
333948	0	NA
333837	0	NA
333587	0	NA
333471	0	NA
333351	0	NA
333189	0	NA
333079	0	NA
333053	0	NA
332865	0	NA
332854	0	NA
332720	0	NA
332666	0	NA
332660	0	NA
332587	0	NA
332466	0	NA
332202	0	NA
332168	0	NA
332132	0	NA
332043	0	NA
331786	0	NA
331782	0	NA
331772	0	NA
331737	0	NA
331697	0	NA
331688	0	NA
331657	0	NA
331350	0	NA
331262	0	NA
331222	0	NA
331113	0	NA
331043	0	NA
331013	0	NA
330992	0	NA
330921	0	NA
330750	0	NA
330564	0	NA
330460	0	NA
330389	0	NA
330333	0	NA
330296	0	NA
330076	0	NA
330064	0	NA
330042	0	NA
329997	0	NA
329830	0	NA
329790	0	NA
329678	0	NA
329528	0	NA
329402	0	NA
328928	0	NA
328825	0	NA
328554	0	NA
328536	0	NA
328391	0	NA
328383	0	NA
328143	0	NA
328137	0	NA
327818	0	NA
327808	0	NA
327596	0	NA
327486	0	NA
327401	0	NA
327284	0	NA
327116	0	NA
326968	0	NA
326940	0	NA
326820	0	NA
326816	0	NA
326788	0	NA
326749	0	NA
326702	0	NA
326701	0	NA
326390	0	NA
326180	0	NA
326142	0	NA
326116	0	NA
326095	0	NA
325918	0	NA
325726	0	NA
325706	0	NA
325633	0	NA
325540	0	NA
325539	0	NA
325289	0	NA
325236	0	NA
325182	0	NA
325126	0	NA
324999	0	NA
324985	0	NA
324926	0	NA
324884	0	NA
324867	0	NA
324849	0	NA
324524	0	NA
324482	0	NA
324244	0	NA
324236	0	NA
324157	0	NA
324104	0	NA
324013	0	NA
323668	0	NA
323595	0	NA
323573	0	NA
323463	0	NA
323189	0	NA
323154	0	NA
322999	0	NA
322895	0	NA
322870	0	NA
322776	0	NA
322585	0	NA
322525	0	NA
322464	0	NA
322433	0	NA
322250	0	NA
322062	0	NA
322059	0	NA
321952	0	NA
321907	0	NA
321821	0	NA
321722	0	NA
321469	0	NA
321220	0	NA
321195	0	NA
321182	0	NA
321086	0	NA
320912	0	NA
320490	0	NA
320430	0	NA
320369	0	NA
320360	0	NA
320224	0	NA
319702	0	NA
319525	0	NA
319454	0	NA
319219	0	NA
319214	0	NA
319153	0	NA
318818	0	NA
318764	0	NA
318503	0	NA
318396	0	NA
318370	0	NA
318369	0	NA
318343	0	NA
318231	0	NA
317399	0	NA
317104	0	NA
317073	0	NA
317045	0	NA
316946	0	NA
316797	0	NA
316761	0	NA
316731	0	NA
316728	0	NA
316544	0	NA
316433	0	NA
316428	0	NA
316381	0	NA
316321	0	NA
316008	0	NA
315974	0	NA
315880	0	NA
315693	0	NA
315684	0	NA
315485	0	NA
315430	0	NA
315200	0	NA
315189	0	NA
315147	0	NA
314922	0	NA
314731	0	NA
314703	0	NA
314639	0	NA
314621	0	NA
314284	0	NA
314152	0	NA
314110	0	NA
313878	0	NA
313724	0	NA
313685	0	NA
313578	0	NA
313524	0	NA
313499	0	NA
313387	0	NA
313274	0	NA
313130	0	NA
313095	0	NA
313044	0	NA
312814	0	NA
312665	0	NA
312588	0	NA
312515	0	NA
312455	0	NA
312440	0	NA
312325	0	NA
312260	0	NA
312217	0	NA
311724	0	NA
311692	0	NA
311677	0	NA
311390	0	NA
311078	0	NA
310945	0	NA
310886	0	NA
310760	0	NA
310748	0	NA
310653	0	NA
310499	0	NA
310160	0	NA
310131	0	NA
310103	0	NA
309960	0	NA
309916	0	NA
309801	0	NA
309361	0	NA
309290	0	NA
309249	0	NA
309206	0	NA
308972	0	NA
308957	0	NA
308932	0	NA
308546	0	NA
308510	0	NA
308495	0	NA
308308	0	NA
308269	0	NA
308249	0	NA
308224	0	NA
308117	0	NA
307903	0	NA
307723	0	NA
307595	0	NA
307526	0	NA
307113	0	NA
306914	0	NA
306866	0	NA
306778	0	NA
306755	0	NA
306545	0	NA
306469	0	NA
306413	0	NA
306299	0	NA
306091	0	NA
306066	0	NA
306062	0	NA
305880	0	NA
305853	0	NA
305803	0	NA
305313	0	NA
305281	0	NA
305250	0	NA
305152	0	NA
305143	0	NA
305061	0	NA
304480	0	NA
304427	0	NA
304154	0	NA
304080	0	NA
303937	0	NA
303898	0	NA
303866	0	NA
303844	0	NA
303841	0	NA
303703	0	NA
303491	0	NA
303414	0	NA
303137	0	NA
303076	0	NA
303006	0	NA
302972	0	NA
302909	0	NA
302902	0	NA
302880	0	NA
302685	0	NA
302641	0	NA
302513	0	NA
302491	0	NA
302333	0	NA
302321	0	NA
302160	0	NA
301879	0	NA
301862	0	NA
301585	0	NA
301578	0	NA
301549	0	NA
301498	0	NA
301218	0	NA
301012	0	NA
300910	0	NA
300865	0	NA
300823	0	NA
300618	0	NA
300491	0	NA
300486	0	NA
299883	0	NA
299741	0	NA
299231	0	NA
299184	0	NA
299070	0	NA
299059	0	NA
298942	0	NA
298865	0	NA
298858	0	NA
298804	0	NA
298723	0	NA
298670	0	NA
298632	0	NA
298562	0	NA
298254	0	NA
298036	0	NA
298031	0	NA
297904	0	NA
297872	0	NA
297831	0	NA
297796	0	NA
297677	0	NA
297574	0	NA
297509	0	NA
297057	0	NA
297045	0	NA
296731	0	NA
296187	0	NA
296099	0	NA
296045	0	NA
296041	0	NA
295938	0	NA
295909	0	NA
295854	0	NA
295683	0	NA
295494	0	NA
295356	0	NA
295251	0	NA
295153	0	NA
295023	0	NA
294885	0	NA
294302	0	NA
294255	0	NA
293818	0	NA
293761	0	NA
293697	0	NA
293665	0	NA
293417	0	NA
293128	0	NA
293097	0	NA
293013	0	NA
292892	0	NA
292749	0	NA
292745	0	NA
292381	0	NA
292181	0	NA
291750	0	NA
291147	0	NA
291090	0	NA
290900	0	NA
290769	0	NA
290442	0	NA
290343	0	NA
290210	0	NA
290005	0	NA
289918	0	NA
289788	0	NA
289725	0	NA
289707	0	NA
289597	0	NA
289306	0	NA
289304	0	NA
288930	0	NA
288752	0	NA
288682	0	NA
288583	0	NA
288442	0	NA
288438	0	NA
288379	0	NA
288352	0	NA
288224	0	NA
287879	0	NA
287855	0	NA
287826	0	NA
287619	0	NA
287544	0	NA
287541	0	NA
287507	0	NA
283117	0	NA
279492	0	NA
279431	0	NA
279387	0	NA
279344	0	NA
279340	0	NA
279115	0	NA
279059	0	NA
278912	0	NA
278753	0	NA
278731	0	NA
278712	0	NA
278675	0	NA
278563	0	NA
278506	0	NA
278123	0	NA
277922	0	NA
277729	0	NA
277584	0	NA
277574	0	NA
277512	0	NA
277497	0	NA
277396	0	NA
277388	0	NA
277349	0	NA
277332	0	NA
277293	0	NA
277265	0	NA
277208	0	NA
277204	0	NA
277200	0	NA
277181	0	NA
277179	0	NA
276985	0	NA
276941	0	NA
276834	0	NA
276810	0	NA
276808	0	NA
276770	0	NA
276769	0	NA
276762	0	NA
276721	0	NA
276629	0	NA
276597	0	NA
276580	0	NA
276572	0	NA
276561	0	NA
276542	0	NA
276531	0	NA
276509	0	NA
276434	0	NA
276414	0	NA
276302	0	NA
276260	0	NA
276257	0	NA
276134	0	NA
276115	0	NA
276091	0	NA
276037	0	NA
276029	0	NA
275987	0	NA
275974	0	NA
275960	0	NA
275950	0	NA
275881	0	NA
275676	0	NA
275653	0	NA
275616	0	NA
275592	0	NA
275563	0	NA
275543	0	NA
275533	0	NA
275511	0	NA
275474	0	NA
275470	0	NA
275423	0	NA
275397	0	NA
275366	0	NA
275349	0	NA
275305	0	NA
275293	0	NA
275286	0	NA
275218	0	NA
275194	0	NA
275139	0	NA
275138	0	NA
275131	0	NA
275123	0	NA
275085	0	NA
274958	0	NA
274901	0	NA
274603	0	NA
274521	0	NA
274380	0	NA
274318	0	NA
274317	0	NA
274312	0	NA
274289	0	NA
274274	0	NA
274148	0	NA
274115	0	NA
274083	0	NA
273928	0	NA
273905	0	NA
273902	0	NA
273784	0	NA
273778	0	NA
273686	0	NA
273649	0	NA
273648	0	NA
273640	0	NA
273600	0	NA
273586	0	NA
273504	0	NA
273388	0	NA
273376	0	NA
273320	0	NA
273182	0	NA
273171	0	NA
273100	0	NA
273091	0	NA
272980	0	NA
272953	0	NA
272949	0	NA
272905	0	NA
272878	0	NA
272834	0	NA
272788	0	NA
272768	0	NA
272758	0	NA
272646	0	NA
272608	0	NA
272555	0	NA
272428	0	NA
272341	0	NA
272279	0	NA
272277	0	NA
272265	0	NA
272192	0	NA
272188	0	NA
272186	0	NA
272175	0	NA
272170	0	NA
272164	0	NA
272149	0	NA
272092	0	NA
272072	0	NA
272060	0	NA
272038	0	NA
272010	0	NA
271880	0	NA
271815	0	NA
271811	0	NA
271804	0	NA
271799	0	NA
271737	0	NA
271692	0	NA
271689	0	NA
271672	0	NA
271647	0	NA
271577	0	NA
271544	0	NA
271500	0	NA
271494	0	NA
271449	0	NA
271443	0	NA
271353	0	NA
271242	0	NA
271106	0	NA
271068	0	NA
271045	0	NA
271013	0	NA
270993	0	NA
270984	0	NA
270876	0	NA
270764	0	NA
270571	0	NA
270519	0	NA
270491	0	NA
270480	0	NA
270462	0	NA
270423	0	NA
270290	0	NA
270165	0	NA
270158	0	NA
270059	0	NA
270051	0	NA
270039	0	NA
270030	0	NA
270015	0	NA
269996	0	NA
269902	0	NA
269815	0	NA
269814	0	NA
269803	0	NA
269777	0	NA
269716	0	NA
269657	0	NA
269653	0	NA
269621	0	NA
269585	0	NA
269546	0	NA
269418	0	NA
269415	0	NA
269413	0	NA
269362	0	NA
269308	0	NA
269247	0	NA
269156	0	NA
269145	0	NA
269091	0	NA
269068	0	NA
269056	0	NA
269037	0	NA
269035	0	NA
269019	0	NA
268971	0	NA
268962	0	NA
268933	0	NA
268880	0	NA
268844	0	NA
268820	0	NA
268725	0	NA
268720	0	NA
268696	0	NA
268668	0	NA
268620	0	NA
268596	0	NA
268475	0	NA
268462	0	NA
268440	0	NA
268379	0	NA
268297	0	NA
268257	0	NA
268231	0	NA
268124	0	NA
268121	0	NA
268043	0	NA
267958	0	NA
267935	0	NA
267892	0	NA
267769	0	NA
267767	0	NA
267752	0	NA
267743	0	NA
267689	0	NA
267612	0	NA
267502	0	NA
267478	0	NA
267373	0	NA
267368	0	NA
267124	0	NA
267110	0	NA
267073	0	NA
267042	0	NA
267041	0	NA
266948	0	NA
266935	0	NA
266862	0	NA
266841	0	NA
266761	0	NA
266726	0	NA
266694	0	NA
266664	0	NA
266413	0	NA
266411	0	NA
266375	0	NA
266255	0	NA
266247	0	NA
266206	0	NA
266153	0	NA
266060	0	NA
266052	0	NA
265985	0	NA
265976	0	NA
265958	0	NA
265912	0	NA
265900	0	NA
265828	0	NA
265708	0	NA
265580	0	NA
265397	0	NA
265182	0	NA
265175	0	NA
265129	0	NA
265102	0	NA
265036	0	NA
265030	0	NA
264996	0	NA
264941	0	NA
264823	0	NA
264795	0	NA
264785	0	NA
264760	0	NA
264734	0	NA
264536	0	NA
264534	0	NA
264461	0	NA
264429	0	NA
264372	0	NA
264352	0	NA
264345	0	NA
264298	0	NA
264252	0	NA
264248	0	NA
264240	0	NA
264239	0	NA
264225	0	NA
264155	0	NA
264123	0	NA
264109	0	NA
264101	0	NA
264036	0	NA
264023	0	NA
264014	0	NA
263992	0	NA
263980	0	NA
263977	0	NA
263976	0	NA
263953	0	NA
263907	0	NA
263876	0	NA
263850	0	NA
263815	0	NA
263744	0	NA
263705	0	NA
263662	0	NA
263620	0	NA
263612	0	NA
263607	0	NA
263518	0	NA
263479	0	NA
263459	0	NA
263451	0	NA
263403	0	NA
263396	0	NA
263390	0	NA
263337	0	NA
263272	0	NA
263179	0	NA
263171	0	NA
263165	0	NA
263142	0	NA
263138	0	NA
263107	0	NA
263057	0	NA
263044	0	NA
262970	0	NA
262944	0	NA
262935	0	NA
262927	0	NA
262917	0	NA
262842	0	NA
262809	0	NA
262766	0	NA
262673	0	NA
262639	0	NA
262634	0	NA
262556	0	NA
262541	0	NA
262537	0	NA
262527	0	NA
262410	0	NA
262409	0	NA
262399	0	NA
262394	0	NA
262315	0	NA
262280	0	NA
262258	0	NA
262166	0	NA
262119	0	NA
262104	0	NA
262095	0	NA
261999	0	NA
261924	0	NA
261918	0	NA
261908	0	NA
261677	0	NA
261631	0	NA
261572	0	NA
261551	0	NA
261511	0	NA
261325	0	NA
261315	0	NA
261277	0	NA
261265	0	NA
261243	0	NA
261209	0	NA
261177	0	NA
261174	0	NA
261140	0	NA
261097	0	NA
261076	0	NA
260890	0	NA
260875	0	NA
260859	0	NA
260855	0	NA
260842	0	NA
260781	0	NA
260753	0	NA
260752	0	NA
260741	0	NA
260705	0	NA
260653	0	NA
260547	0	NA
260456	0	NA
260454	0	NA
260410	0	NA
260387	0	NA
260322	0	NA
260207	0	NA
260205	0	NA
260200	0	NA
260192	0	NA
260140	0	NA
260056	0	NA
259983	0	NA
259922	0	NA
259912	0	NA
259888	0	NA
259884	0	NA
259870	0	NA
259846	0	NA
259781	0	NA
259699	0	NA
259631	0	NA
259623	0	NA
259614	0	NA
259609	0	NA
259556	0	NA
259536	0	NA
259530	0	NA
259506	0	NA
259504	0	NA
259477	0	NA
259335	0	NA
259293	0	NA
259271	0	NA
259218	0	NA
259195	0	NA
259173	0	NA
259150	0	NA
259096	0	NA
259006	0	NA
258995	0	NA
258980	0	NA
258910	0	NA
258725	0	NA
258641	0	NA
258626	0	NA
258530	0	NA
258522	0	NA
258508	0	NA
258485	0	NA
258463	0	NA
258455	0	NA
258395	0	NA
258325	0	NA
258283	0	NA
258280	0	NA
258250	0	NA
258169	0	NA
255856	0	NA
252684	0	NA
246965	0	NA
245324	0	NA
243150	0	NA
242917	0	NA
239571	0	NA
238570	0	NA
236801	0	NA
236736	0	NA
235259	0	NA
234912	0	NA
233648	0	NA
233313	0	NA
233191	0	NA
233103	0	NA
232380	0	NA
232283	0	NA
232273	0	NA
232257	0	NA
231952	0	NA
231704	0	NA
231563	0	NA
231510	0	NA
231021	0	NA
230725	0	NA
230403	0	NA
230268	0	NA
229958	0	NA
229919	0	NA
229905	0	NA
229452	0	NA
228787	0	NA
228785	0	NA
228479	0	NA
228140	0	NA
228043	0	NA
228029	0	NA
227788	0	NA
227565	0	NA
222851	0	NA
220122	0	NA
217096	0	NA
217060	0	NA
216710	0	NA
216524	0	NA
216495	0	NA
216279	0	NA
216184	0	NA
216097	0	NA
215317	0	NA
214904	0	NA
214889	0	NA
214835	0	NA
214715	0	NA
214471	0	NA
214295	0	NA
214214	0	NA
214120	0	NA
214116	0	NA
213885	0	NA
212732	0	NA
212170	0	NA
211876	0	NA
211743	0	NA
211667	0	NA
211494	0	NA
211339	0	NA
211335	0	NA
210950	0	NA
210895	0	NA
210867	0	NA
210292	0	NA
210073	0	NA
210068	0	NA
209990	0	NA
209475	0	NA
209327	0	NA
208966	0	NA
208486	0	NA
208434	0	NA
208409	0	NA
208280	0	NA
208127	0	NA
208006	0	NA
207833	0	NA
207340	0	NA
207288	0	NA
207252	0	NA
207124	0	NA
206633	0	NA
206456	0	NA
206421	0	NA
206367	0	NA
206324	0	NA
206186	0	NA
206151	0	NA
205846	0	NA
205613	0	NA
205383	0	NA
205134	0	NA
204093	0	NA
203970	0	NA
203713	0	NA
203700	0	NA
202454	0	NA
201929	0	NA
200189	0	NA
199731	0	NA
199701	0	NA
199694	0	NA
199600	0	NA
199567	0	NA
199476	0	NA
199414	0	NA
199313	0	NA
199307	0	NA
199286	0	NA
199273	0	NA
199233	0	NA
199067	0	NA
198998	0	NA
198966	0	NA
198904	0	NA
198888	0	NA
198830	0	NA
198809	0	NA
198770	0	NA
198701	0	NA
198690	0	NA
198644	0	NA
198641	0	NA
198604	0	NA
198575	0	NA
198537	0	NA
198406	0	NA
198371	0	NA
198271	0	NA
198243	0	NA
198238	0	NA
198225	0	NA
198200	0	NA
198127	0	NA
198045	0	NA
197972	0	NA
197900	0	NA
197891	0	NA
197890	0	NA
197875	0	NA
197867	0	NA
197855	0	NA
197853	0	NA
197801	0	NA
197782	0	NA
197725	0	NA
197624	0	NA
197589	0	NA
197568	0	NA
197537	0	NA
197528	0	NA
197503	0	NA
197126	0	NA
197099	0	NA
197091	0	NA
197038	0	NA
197013	0	NA
196990	0	NA
196974	0	NA
196965	0	NA
196913	0	NA
196889	0	NA
196856	0	NA
196770	0	NA
196742	0	NA
196689	0	NA
196645	0	NA
196578	0	NA
196571	0	NA
196553	0	NA
196533	0	NA
196390	0	NA
196370	0	NA
196349	0	NA
196322	0	NA
196314	0	NA
196240	0	NA
196211	0	NA
196191	0	NA
195982	0	NA
195934	0	NA
195694	0	NA
195622	0	NA
195543	0	NA
195476	0	NA
195466	0	NA
195433	0	NA
195427	0	NA
195402	0	NA
195392	0	NA
195350	0	NA
195347	0	NA
195343	0	NA
195307	0	NA
195221	0	NA
195006	0	NA
194878	0	NA
194848	0	NA
194831	0	NA
194822	0	NA
194770	0	NA
194734	0	NA
194710	0	NA
194667	0	NA
194656	0	NA
194646	0	NA
194532	0	NA
194340	0	NA
194286	0	NA
194269	0	NA
194172	0	NA
194145	0	NA
194129	0	NA
194079	0	NA
194053	0	NA
194048	0	NA
194008	0	NA
193844	0	NA
193840	0	NA
193784	0	NA
193756	0	NA
193723	0	NA
193678	0	NA
193617	0	NA
193480	0	NA
193453	0	NA
193383	0	NA
193348	0	NA
193235	0	NA
193139	0	NA
193084	0	NA
193064	0	NA
192930	0	NA
192848	0	NA
192720	0	NA
192711	0	NA
192664	0	NA
192598	0	NA
192592	0	NA
192585	0	NA
192557	0	NA
192514	0	NA
192475	0	NA
192437	0	NA
192415	0	NA
192408	0	NA
192372	0	NA
192365	0	NA
192316	0	NA
192263	0	NA
192209	0	NA
192055	0	NA
191974	0	NA
191958	0	NA
191913	0	NA
191841	0	NA
191816	0	NA
191772	0	NA
191616	0	NA
191602	0	NA
191584	0	NA
191583	0	NA
191579	0	NA
191573	0	NA
191558	0	NA
191516	0	NA
191432	0	NA
191398	0	NA
191387	0	NA
191361	0	NA
191330	0	NA
191222	0	NA
191205	0	NA
191075	0	NA
191067	0	NA
191034	0	NA
190998	0	NA
190971	0	NA
190676	0	NA
190673	0	NA
190669	0	NA
190658	0	NA
190646	0	NA
190620	0	NA
190609	0	NA
190573	0	NA
190518	0	NA
190504	0	NA
190473	0	NA
190425	0	NA
190273	0	NA
190226	0	NA
190219	0	NA
190207	0	NA
190154	0	NA
190114	0	NA
190112	0	NA
190069	0	NA
190047	0	NA
190035	0	NA
189884	0	NA
189867	0	NA
189757	0	NA
189749	0	NA
189713	0	NA
189703	0	NA
189681	0	NA
189624	0	NA
189585	0	NA
189582	0	NA
189544	0	NA
189530	0	NA
189489	0	NA
189476	0	NA
189450	0	NA
189406	0	NA
189397	0	NA
189392	0	NA
189309	0	NA
189293	0	NA
189288	0	NA
189215	0	NA
189205	0	NA
189171	0	NA
189127	0	NA
189057	0	NA
188999	0	NA
188973	0	NA
188966	0	NA
188940	0	NA
188920	0	NA
188862	0	NA
188856	0	NA
188845	0	NA
188842	0	NA
188785	0	NA
188749	0	NA
188747	0	NA
188741	0	NA
188697	0	NA
188564	0	NA
188533	0	NA
188457	0	NA
188402	0	NA
188399	0	NA
188225	0	NA
188137	0	NA
188112	0	NA
188052	0	NA
188007	0	NA
187989	0	NA
187962	0	NA
187959	0	NA
187947	0	NA
187812	0	NA
187790	0	NA
187768	0	NA
187665	0	NA
187644	0	NA
187569	0	NA
187535	0	NA
187511	0	NA
187359	0	NA
187341	0	NA
187319	0	NA
187294	0	NA
187174	0	NA
187144	0	NA
186981	0	NA
186871	0	NA
186858	0	NA
186777	0	NA
186714	0	NA
186707	0	NA
186650	0	NA
186526	0	NA
186464	0	NA
186406	0	NA
186351	0	NA
186345	0	NA
186324	0	NA
186321	0	NA
186194	0	NA
186162	0	NA
186122	0	NA
186061	0	NA
186028	0	NA
185995	0	NA
185988	0	NA
185923	0	NA
185854	0	NA
185767	0	NA
185754	0	NA
185743	0	NA
185695	0	NA
185576	0	NA
185570	0	NA
185277	0	NA
185258	0	NA
185177	0	NA
185126	0	NA
185125	0	NA
185084	0	NA
184990	0	NA
184925	0	NA
184909	0	NA
184765	0	NA
184670	0	NA
184584	0	NA
184512	0	NA
184484	0	NA
184436	0	NA
184426	0	NA
184420	0	NA
184395	0	NA
184391	0	NA
184322	0	NA
184318	0	NA
184184	0	NA
184160	0	NA
183886	0	NA
183815	0	NA
183773	0	NA
183770	0	NA
183731	0	NA
183703	0	NA
183682	0	NA
183675	0	NA
183662	0	NA
183630	0	NA
183606	0	NA
183592	0	NA
183545	0	NA
183480	0	NA
183467	0	NA
183384	0	NA
183362	0	NA
183288	0	NA
183231	0	NA
183220	0	NA
183198	0	NA
183174	0	NA
183163	0	NA
183117	0	NA
183106	0	NA
183053	0	NA
182984	0	NA
182950	0	NA
182915	0	NA
182906	0	NA
182893	0	NA
182837	0	NA
182817	0	NA
182800	0	NA
182764	0	NA
182758	0	NA
182712	0	NA
182632	0	NA
182621	0	NA
182576	0	NA
182545	0	NA
182506	0	NA
182470	0	NA
182420	0	NA
182361	0	NA
182323	0	NA
182289	0	NA
182122	0	NA
182081	0	NA
182043	0	NA
181961	0	NA
181890	0	NA
181864	0	NA
181744	0	NA
181733	0	NA
181719	0	NA
181714	0	NA
181574	0	NA
181473	0	NA
181472	0	NA
181470	0	NA
181423	0	NA
181419	0	NA
181368	0	NA
181348	0	NA
181331	0	NA
181206	0	NA
181025	0	NA
180967	0	NA
180944	0	NA
180879	0	NA
180869	0	NA
180805	0	NA
180801	0	NA
180726	0	NA
180725	0	NA
180671	0	NA
180615	0	NA
180564	0	NA
180535	0	NA
180528	0	NA
180468	0	NA
180465	0	NA
180408	0	NA
180397	0	NA
180362	0	NA
180288	0	NA
180264	0	NA
180235	0	NA
180206	0	NA
180099	0	NA
180045	0	NA
179964	0	NA
179958	0	NA
179927	0	NA
179907	0	NA
179853	0	NA
179826	0	NA
179719	0	NA
179703	0	NA
179695	0	NA
179547	0	NA
179513	0	NA
179354	0	NA
179260	0	NA
179192	0	NA
179188	0	NA
179181	0	NA
179133	0	NA
179116	0	NA
179059	0	NA
178959	0	NA
178882	0	NA
178852	0	NA
178803	0	NA
178794	0	NA
178787	0	NA
178773	0	NA
178735	0	NA
178589	0	NA
178568	0	NA
178557	0	NA
178556	0	NA
178485	0	NA
178480	0	NA
178433	0	NA
178358	0	NA
178353	0	NA
178146	0	NA
178114	0	NA
178031	0	NA
178026	0	NA
178022	0	NA
178018	0	NA
178016	0	NA
178001	0	NA
177993	0	NA
177984	0	NA
177952	0	NA
177930	0	NA
177822	0	NA
177802	0	NA
177754	0	NA
177697	0	NA
177621	0	NA
177593	0	NA
177574	0	NA
177533	0	NA
177518	0	NA
177473	0	NA
177468	0	NA
177435	0	NA
177313	0	NA
177308	0	NA
177111	0	NA
177087	0	NA
177068	0	NA
177022	0	NA
177014	0	NA
176955	0	NA
176886	0	NA
176691	0	NA
176615	0	NA
176455	0	NA
176410	0	NA
176212	0	NA
176139	0	NA
176118	0	NA
176108	0	NA
176063	0	NA
176039	0	NA
176030	0	NA
175972	0	NA
175922	0	NA
175906	0	NA
175847	0	NA
175836	0	NA
175795	0	NA
175758	0	NA
175712	0	NA
175613	0	NA
175598	0	NA
175563	0	NA
175535	0	NA
175529	0	NA
175483	0	NA
175367	0	NA
175365	0	NA
175336	0	NA
175279	0	NA
175213	0	NA
175143	0	NA
175078	0	NA
175005	0	NA
174924	0	NA
174853	0	NA
174847	0	NA
174805	0	NA
174757	0	NA
174754	0	NA
174752	0	NA
174727	0	NA
174699	0	NA
174698	0	NA
174695	0	NA
174683	0	NA
174625	0	NA
174583	0	NA
174573	0	NA
174519	0	NA
174500	0	NA
174499	0	NA
174471	0	NA
174432	0	NA
174422	0	NA
174418	0	NA
174374	0	NA
174368	0	NA
174320	0	NA
174184	0	NA
174170	0	NA
174162	0	NA
174146	0	NA
174142	0	NA
174055	0	NA
174038	0	NA
173969	0	NA
173923	0	NA
173916	0	NA
173914	0	NA
173900	0	NA
173892	0	NA
172859	0	NA
172857	0	NA
172640	0	NA
172624	0	NA
172403	0	NA
171532	0	NA
171399	0	NA
171396	0	NA
171322	0	NA
171232	0	NA
170950	0	NA
170926	0	NA
170775	0	NA
170561	0	NA
170056	0	NA
169845	0	NA
169584	0	NA
169515	0	NA
169398	0	NA
169364	0	NA
169147	0	NA
169106	0	NA
168517	0	NA
168439	0	NA
168383	0	NA
168047	0	NA
167420	0	NA
167338	0	NA
167204	0	NA
167034	0	NA
166911	0	NA
166718	0	NA
166664	0	NA
166156	0	NA
165430	0	NA
165241	0	NA
165046	0	NA
164967	0	NA
164811	0	NA
164788	0	NA
164744	0	NA
164395	0	NA
164187	0	NA
164071	0	NA
163997	0	NA
163843	0	NA
163539	0	NA
163153	0	NA
162991	0	NA
162913	0	NA
162898	0	NA
162668	0	NA
162539	0	NA
162025	0	NA
162005	0	NA
160563	0	NA
160140	0	NA
159668	0	NA
158906	0	NA
158719	0	NA
158718	0	NA
158625	0	NA
158591	0	NA
158540	0	NA
158309	0	NA
158302	0	NA
158183	0	NA
158027	0	NA
157999	0	NA
157957	0	NA
157842	0	NA
157802	0	NA
157704	0	NA
157693	0	NA
157573	0	NA
157470	0	NA
157193	0	NA
157012	0	NA
154845	0	NA
154424	0	NA
153978	0	NA
149313	0	NA
147987	0	NA
147442	0	NA
147195	0	NA
146776	0	NA
146761	0	NA
146612	0	NA
146448	0	NA
144671	0	NA
142325	0	NA
141613	0	NA
140863	0	NA
139221	0	NA
138304	0	NA
137650	0	NA
136633	0	NA
135845	0	NA
135625	0	NA
134517	0	NA
133178	0	NA
132929	0	NA
131024	0	NA
130214	0	NA
130103	0	NA
130076	0	NA
129990	0	NA
128297	0	NA
114798	0	NA
114348	0	NA
113941	0	NA
113773	0	NA
113111	0	NA
112931	0	NA
112924	0	NA
112009	0	NA
111446	0	NA
111277	0	NA
110748	0	NA
110625	0	NA
110457	0	NA
110224	0	NA
110016	0	NA
109382	0	NA
108910	0	NA
107235	0	NA
106444	0	NA
105358	0	NA
103132	0	NA
102471	0	NA
99634	0	NA
98048	0	NA
97568	0	NA
97315	0	NA
97151	0	NA
97142	0	NA
96655	0	NA
96459	0	NA
96194	0	NA
95974	0	NA
92144	0	NA
90487	0	NA
73120	0	NA
72630	0	NA
72481	0	NA
71649	0	NA
69988	0	NA
52212	0	NA
51677	0	NA
49406	0	NA
48899	0	NA
48887	0	NA
45562	0	NA
44941	0	NA
44311	0	NA
42492	0	NA
39443	0	NA
36892	0	NA
36611	0	NA
32727	0	NA
31249	0	NA
30587	0	NA
29205	0	NA
28175	0	NA
25923	0	NA
24175	0	NA
21881	0	NA
21464	0	NA
21195	0	NA
20421	0	NA
18619	0	NA
14106	0	NA
14094	0	NA
14035	0	NA
14030	0	NA
13986	0	NA
7184	0	NA
4509	0	NA
2222	0	NA
2051	0	NA
1504042	0	NA
1510067	0	NA
1530340	0	NA
621700	0	NA
624373	0	NA
1579254	0	NA
1582779	0	NA
1600780	0	NA
1602314	0	NA
815169	0	NA
1657484	0	NA
1657491	0	NA
1105326	0	NA
828708	0	NA
835154	0	NA
827522	0	NA
1742070	0	NA
1743136	0	NA
1743216	0	NA
1793626	0	NA
1802717	0	NA
1823053	0	NA
1067655	0	NA
1026524	0	NA
903975	0	NA
1844553	0	NA
1844565	0	NA
1845355	0	NA
931121	0	NA
818838	0	NA
738264	0	NA
724120	0	NA
1921818	0	NA
795773	0	NA
1931575	0	NA
1945397	0	NA
1991255	0	NA
1108270	0	NA
668129	0	NA
846127	0	NA
839964	0	NA
1109505	0	NA
1113587	0	NA
2162309	0	NA
769746	0	NA
772010	0	NA
728069	0	NA
665703	0	NA
2170530	0	NA
2182669	0	NA
2198356	0	NA
845272	0	NA
651436	0	NA
2216525	0	NA
1111754	0	NA
2233608	0	NA
743919	0	NA
686211	0	NA
821722	0	NA
2308370	0	NA
833559	0	NA
2315700	0	NA
2318202	0	NA
2339949	0	NA
771140	0	NA
648559	0	NA
818052	0	NA
1107755	0	NA
2383341	0	NA
831301	0	NA
2398439	0	NA
2407149	0	NA
2419864	0	NA
839558	0	NA
1107652	0	NA
2500766	0	NA
2506486	0	NA
714766	0	NA
655812	0	NA
2548203	0	NA
1105016	0	NA
833381	0	NA
694641	0	NA
837396	0	NA
2626509	0	NA
2627856	0	NA
2645488	0	NA
929275	0	NA
2699610	0	NA
2700687	0	NA
1108378	0	NA
1105958	0	NA
2740201	0	NA
2774254	0	NA
1107586	0	NA
1106683	0	NA
1107674	0	NA
1110757	0	NA
2810953	0	NA
2820255	0	NA
1135130	0	NA
975991	0	NA
816242	0	NA
2923307	0	NA
1137590	0	NA
2949004	0	NA
2963421	0	NA
806422	0	NA
627932	0	NA
1110253	0	NA
655793	0	NA
804701	0	NA
3090048	0	NA
835928	0	NA
727507	0	NA
771177	0	NA
822276	0	NA
3141342	0	NA
3143796	0	NA
3150552	0	NA
3168623	0	NA
3172943	0	NA
3172945	0	NA
3176547	0	NA
3191793	0	NA
3195723	0	NA
745358	0	NA
3197419	0	NA
845900	0	NA
3231096	0	NA
823986	0	NA
675863	0	NA
1105751	0	NA
3293888	0	NA
637934	0	NA
3302039	0	NA
809658	0	NA
3320406	0	NA
3385021	0	NA
681370	0	NA
815898	0	NA
663751	0	NA
627429	0	NA
3438642	0	NA
3462422	0	NA
3524537	0	NA
3525735	0	NA
3557915	0	NA
3571769	0	NA
1112190	0	NA
1100972	0	NA
3605008	0	NA
1107895	0	NA
1109929	0	NA
3694599	0	NA
3694603	0	NA
3695679	0	NA
3732399	0	NA
675940	0	NA
3736962	0	NA
3750373	0	NA
3750380	0	NA
1112121	0	NA
3770098	0	NA
851794	0	NA
3825769	0	NA
1106364	0	NA
631564	0	NA
3862524	0	NA
3868285	0	NA
3907189	0	NA
1109178	0	NA
1106290	0	NA
833795	0	NA
1139490	0	NA
1104817	0	NA
612512	0	NA
3973340	0	NA
1112984	0	NA
1107459	0	NA
828435	0	NA
3994832	0	NA
677680	0	NA
4015273	0	NA
4015274	0	NA
4020502	0	NA
687185	0	NA
4028553	0	NA
4087649	0	NA
1129750	0	NA
4128381	0	NA
4144790	0	NA
827592	0	NA
688800	0	NA
1106892	0	NA
751973	0	NA
844750	0	NA
4193317	0	NA
4194837	0	NA
4200918	0	NA
742358	0	NA
1010876	0	NA
4255843	0	NA
4267520	0	NA
826727	0	NA
4289862	0	NA
4295777	0	NA
4299136	0	NA
4300883	0	NA
4304089	0	NA
4308835	0	NA
4308837	0	NA
4311536	0	NA
4311539	0	NA
4314124	0	NA
4314257	0	NA
4317896	0	NA
4318315	0	NA
4318935	0	NA
4319494	0	NA
4320013	0	NA
4320779	0	NA
4321285	0	NA
4322534	0	NA
4325533	0	NA
4326502	0	NA
4326861	0	NA
4326869	0	NA
4327141	0	NA
4327763	0	NA
4328792	0	NA
4330604	0	NA
4331360	0	NA
609589	0	NA
4334624	0	NA
4335582	0	NA
4337199	0	NA
4338748	0	NA
4339547	0	NA
4339978	0	NA
4340076	0	NA
4340361	0	NA
4343631	0	NA
4345850	0	NA
4346003	0	NA
4349002	0	NA
4351590	0	NA
4353913	0	NA
4354103	0	NA
4355739	0	NA
4356307	0	NA
4357713	0	NA
4358599	0	NA
4359749	0	NA
4359831	0	NA
4359832	0	NA
4359834	0	NA
4359984	0	NA
4361101	0	NA
4364183	0	NA
4364652	0	NA
4365130	0	NA
4366089	0	NA
4368944	0	NA
4369352	0	NA
4370024	0	NA
4372973	0	NA
4373641	0	NA
4374084	0	NA
4374663	0	NA
4378683	0	NA
4380294	0	NA
4380813	0	NA
4381639	0	NA
4381913	0	NA
4389435	0	NA
730939	0	NA
4390593	0	NA
4393892	0	NA
4395677	0	NA
4395708	0	NA
4396298	0	NA
4396516	0	NA
4397901	0	NA
4398137	0	NA
4399086	0	NA
4402042	0	NA
4402077	0	NA
4402368	0	NA
4402624	0	NA
4402834	0	NA
4404461	0	NA
4405146	0	NA
4406782	0	NA
4407190	0	NA
4407703	0	NA
4408801	0	NA
4410863	0	NA
4411108	0	NA
4413903	0	NA
4414236	0	NA
4414237	0	NA
4414240	0	NA
4414242	0	NA
4415390	0	NA
4417539	0	NA
4418586	0	NA
4418787	0	NA
4419301	0	NA
4420417	0	NA
4420669	0	NA
4422313	0	NA
4423790	0	NA
4425256	0	NA
4426051	0	NA
4426298	0	NA
4426962	0	NA
4429239	0	NA
4430503	0	NA
4430681	0	NA
4432234	0	NA
4432841	0	NA
4434073	0	NA
4436051	0	NA
4437362	0	NA
4437592	0	NA
4440624	0	NA
4442029	0	NA
4443143	0	NA
4444215	0	NA
4446669	0	NA
4447176	0	NA
4447605	0	NA
4449251	0	NA
4449518	0	NA
4449898	0	NA
4450025	0	NA
4450064	0	NA
4450194	0	NA
4450198	0	NA
4450415	0	NA
4450759	0	NA
4451011	0	NA
4454356	0	NA
4455308	0	NA
4459156	0	NA
4459940	0	NA
4460604	0	NA
4462541	0	NA
4464065	0	NA
4464113	0	NA
4465205	0	NA
4466103	0	NA
4466275	0	NA
4466382	0	NA
4469007	0	NA
4469032	0	NA
4470191	0	NA
4471135	0	NA
4471139	0	NA
4471351	0	NA
4474759	0	NA
4474844	0	NA
4478605	0	NA
4480176	0	NA
4480359	0	NA
4480555	0	NA
4480557	0	NA
4481359	0	NA
4483585	0	NA
4484382	0	NA
190992	-5.26315789473683e-06	NA
247715	-5.84795321637427e-06	NA
190483	-6.53594771241831e-06	NA
265522	-7.35294117647059e-06	NA
215495	-8.33333333333333e-06	NA
739826	-1.23839009287926e-05	NA
197463	-1.23839009287926e-05	NA
191994	-1.23839009287926e-05	NA
276218	-1.30718954248366e-05	NA
390497	-1.97368421052632e-05	NA
194429	-1.97368421052632e-05	NA
2808643	-2.02020202020202e-05	NA
309363	-2.22222222222222e-05	NA
275746	-2.97619047619048e-05	NA
187153	-3.17460317460317e-05	NA
276620	-3.33333333333333e-05	NA
260375	-3.40909090909091e-05	NA
323501	-3.61990950226244e-05	NA
340139	-3.73839009287926e-05	NA
314374	-3.80952380952381e-05	NA
196672	-3.83735257877134e-05	NA
180077	-4.81203007518797e-05	NA
312269	-4.86817534031156e-05	NA
270391	-6.93400167084378e-05	NA
259916	-7.85251899802983e-05	NA
779847	-8.12435500515996e-05	NA
288109	-8.69565217391304e-05	NA
212201	-8.69565217391304e-05	NA
4390755	-9.08029878618115e-05	NA
319196	-9.09090909090909e-05	NA
177271	-9.09090909090909e-05	NA
176444	-9.09090909090909e-05	NA
4345268	-9.09090909090909e-05	NA
310409	-9.28792569659443e-05	NA
197139	-9.47368421052632e-05	NA
440840	-9.52380952380952e-05	NA
662422	-9.52380952380952e-05	NA
274455	-9.61722488038277e-05	NA
214603	-9.87272101823185e-05	NA
628218	-9.94152046783626e-05	NA
304047	-1e-04	NA
260931	-1e-04	NA
199181	-1e-04	NA
189996	-1e-04	NA
187561	-1e-04	NA
181532	-1e-04	NA
176836	-1e-04	NA
662667	-1e-04	NA
276052	-0.000101960784313725	NA
260927	-0.000102829537612146	NA
267366	-0.000103117144293615	NA
167514	-0.000105138339920949	NA
662674	-0.000105263157894737	NA
341750	-0.000105263157894737	NA
338069	-0.000105263157894737	NA
336844	-0.000105263157894737	NA
334040	-0.000105263157894737	NA
332584	-0.000105263157894737	NA
321484	-0.000105263157894737	NA
320972	-0.000105263157894737	NA
320123	-0.000105263157894737	NA
314963	-0.000105263157894737	NA
314810	-0.000105263157894737	NA
275321	-0.000105263157894737	NA
274844	-0.000105263157894737	NA
271283	-0.000105263157894737	NA
268372	-0.000105263157894737	NA
267549	-0.000105263157894737	NA
264009	-0.000105263157894737	NA
259593	-0.000105263157894737	NA
234269	-0.000105263157894737	NA
209030	-0.000105263157894737	NA
197291	-0.000105263157894737	NA
194944	-0.000105263157894737	NA
194830	-0.000105263157894737	NA
185989	-0.000105263157894737	NA
185891	-0.000105263157894737	NA
183431	-0.000105263157894737	NA
181166	-0.000105263157894737	NA
180584	-0.000105263157894737	NA
176853	-0.000105263157894737	NA
146586	-0.000105263157894737	NA
95424	-0.000105263157894737	NA
16766	-0.000105263157894737	NA
4352875	-0.000105263157894737	NA
4364237	-0.000105263157894737	NA
846477	-0.000111111111111111	NA
741001	-0.000111111111111111	NA
450047	-0.000111111111111111	NA
378273	-0.000111111111111111	NA
354905	-0.000111111111111111	NA
336736	-0.000111111111111111	NA
334870	-0.000111111111111111	NA
304466	-0.000111111111111111	NA
270446	-0.000111111111111111	NA
266676	-0.000111111111111111	NA
260156	-0.000111111111111111	NA
259249	-0.000111111111111111	NA
244484	-0.000111111111111111	NA
227622	-0.000111111111111111	NA
216902	-0.000111111111111111	NA
206494	-0.000111111111111111	NA
196165	-0.000111111111111111	NA
189730	-0.000111111111111111	NA
188576	-0.000111111111111111	NA
177917	-0.000111111111111111	NA
176100	-0.000111111111111111	NA
173099	-0.000111111111111111	NA
169901	-0.000111111111111111	NA
2490211	-0.000111111111111111	NA
4268506	-0.000111111111111111	NA
4405104	-0.000111111111111111	NA
275483	-0.000115750915750916	NA
416078	-0.000117647058823529	NA
326315	-0.000117647058823529	NA
320835	-0.000117647058823529	NA
295344	-0.000117647058823529	NA
268734	-0.000117647058823529	NA
260666	-0.000117647058823529	NA
231169	-0.000117647058823529	NA
217100	-0.000117647058823529	NA
194478	-0.000117647058823529	NA
191897	-0.000117647058823529	NA
187807	-0.000117647058823529	NA
175893	-0.000117647058823529	NA
47356	-0.000117647058823529	NA
4334618	-0.000117647058823529	NA
397444	-0.000124183006535948	NA
340873	-0.000125	NA
333695	-0.000125	NA
290144	-0.000125	NA
197775	-0.000125	NA
179343	-0.000125	NA
4440360	-0.000125	NA
271131	-0.00012531328320802	NA
551562	-0.000133333333333333	NA
273208	-0.000133333333333333	NA
268865	-0.000133333333333333	NA
266546	-0.000133333333333333	NA
259110	-0.000133333333333333	NA
205985	-0.000133333333333333	NA
191445	-0.000133333333333333	NA
754549	-0.000133333333333333	NA
177371	-0.000135878912968696	NA
317633	-0.00013656690746474	NA
443945	-0.00013859649122807	NA
214360	-0.000138888888888889	NA
466409	-0.000142857142857143	NA
327656	-0.000142857142857143	NA
178314	-0.000146153846153846	NA
191822	-0.000147727272727273	NA
305789	-0.00016280193236715	NA
270908	-0.000166666666666667	NA
172464	-0.000180451127819549	NA
1105343	-0.000181818181818182	NA
198339	-0.000181818181818182	NA
262752	-0.000189974937343358	NA
386977	-2e-04	NA
266061	-2e-04	NA
185162	-2e-04	NA
178546	-2e-04	NA
835900	-0.000200501253132832	NA
188158	-0.000206349206349206	NA
311859	-0.000206606259237838	NA
228374	-0.000208496732026144	NA
174086	-0.00020855614973262	NA
204171	-0.00020983832129343	NA
351859	-0.000210526315789474	NA
267071	-0.000210526315789474	NA
197644	-0.000218045112781955	NA
716984	-0.000222222222222222	NA
322564	-0.000222222222222222	NA
277120	-0.000222222222222222	NA
271706	-0.000222222222222222	NA
212219	-0.000222222222222222	NA
829032	-0.000222222222222222	NA
336676	-0.000223169428647959	NA
161993	-0.000225583566760037	NA
184329	-0.000228173374613003	NA
199391	-0.000228758169934641	NA
276325	-0.000235294117647059	NA
271490	-0.000235294117647059	NA
213147	-0.000235294117647059	NA
191077	-0.000235294117647059	NA
1835985	-0.000235294117647059	NA
4451523	-0.000235294117647059	NA
192203	-0.000246376811594203	NA
173245	-0.00025	NA
4357315	-0.000285714285714286	NA
185036	-0.000292929292929293	NA
194665	-0.000315789473684211	NA
182995	-0.000315789473684211	NA
174770	-0.000315789473684211	NA
177414	-0.000325501253132832	NA
188411	-0.000330532212885154	NA
332454	-0.000333333333333333	NA
337289	-0.000347222222222222	NA
445144	-0.000367647058823529	NA
198670	-0.000375	NA
439437	-0.000378151260504202	NA
196815	-0.000405847953216374	NA
330772	-0.000410526315789474	NA
307608	-0.00041578947368421	NA
272595	-0.000470588235294118	NA
275339	-0.00047463802107765	NA
273164	-0.000588235294117647	NA
