	PD_whole_tree	chao1	observed_otus
TS1.2.299121	29.05834	936.035714286	461.0
TS1.299139	50.95529	1737.76605505	1114.0
TS10.2.299108	21.45005	682.363636364	358.0
TS10.299123	30.00664	1248.51282051	620.0
TS100.2.298944	38.77923	1751.93333333	813.0
TS100.298999	42.31961	2199.59124088	927.0
TS101.2.299207	32.02194	1603.7265625	739.0
TS103.2.299213	34.42185	1406.05714286	738.0
TS103.299049	24.41428	913.238636364	463.0
TS104.2.299106	1.99209	15.0	5.0
TS104.299154	29.30094	1162.30927835	547.0
TS105.2.299038	23.79207	1037.75	492.0
TS105.299210	27.10446	1297.51	600.0
TS106.2.299179	30.3305	1464.56122449	638.0
TS106.299035	34.01184	1634.7593985	774.0
TS107.2.298960	45.01806	1931.95049505	1063.0
TS107.299042	37.96636	1579.63909774	772.0
TS109.2.299100	27.46001	921.693181818	481.0
TS109.299099	29.02447	1240.11904762	550.0
TS11.2.299208	26.52103	1103.05309735	584.0
TS11.298996	28.86619	1396.98913043	606.0
TS110.2.299101	31.48719	923.101010101	559.0
TS110.299019	29.09543	995.103092784	545.0
TS111.2.298964	38.15069	1371.25	687.0
TS111.299174	43.0434	1673.88888889	840.0
TS115.2.299043	35.68189	1168.22222222	641.0
TS115.298998	38.08827	1537.12931034	742.0
TS116.2.299078	36.91877	1475.67256637	697.0
TS116.299165	47.73722	1722.37735849	922.0
TS117.2.299030	38.45919	1657.53846154	845.0
TS117.298949	40.03794	1672.03636364	919.0
TS118.2.298966	39.97045	1915.28873239	879.0
TS118.299163	27.939	1216.45	542.0
TS119.2.299032	37.6745	1557.51948052	857.0
TS119.299110	31.5833	1286.33333333	638.0
TS12.2.299176	24.66589	983.303370787	476.0
TS12.299104	26.54173	1090.59813084	552.0
TS120.2.299136	40.84681	1912.90756303	835.0
TS120.298992	7.10125	154.0	55.0
TS124.2.299092	26.16817	834.846153846	439.0
TS124.298945	31.87415	1307.6952381	611.0
TS125.2.299067	28.08747	1155.19417476	569.0
TS125.298984	30.66157	1323.93814433	601.0
TS126.2.298986	33.50376	1029.68141593	578.0
TS126.299046	30.49003	1125.9	508.0
TS127.2.299143	35.43186	1372.17073171	667.0
TS127.299133	42.83318	1470.80405405	833.0
TS128.2.299216	40.84489	1870.37681159	843.0
TS128.299117	41.98517	1545.30120482	887.0
TS129.2.299037	29.57539	1014.1	553.0
TS129.299204	35.64388	1362.31538462	679.0
TS13.2.298954	28.66285	1278.04615385	478.0
TS13.299018	59.21603	2351.66171004	1468.0
TS130.2.298955	27.88406	1289.11494253	575.0
TS130.299178	23.31454	1082.85714286	512.0
TS131.2.298993	32.47013	1422.75714286	767.0
TS131.299040	33.5842	1549.01973684	799.0
TS132.2.299033	45.42333	1694.6	1003.0
TS132.299044	31.58673	1301.20472441	676.0
TS133.2.299076	39.13934	1638.8125	856.0
TS133.299149	33.63158	1423.51181102	704.0
TS134.2.298989	32.50696	1234.16535433	682.0
TS134.299196	27.47758	1169.63218391	515.0
TS135.2.299222	30.71464	1385.03125	627.0
TS135.299142	37.85569	1647.09090909	805.0
TS136.2.298983	48.47602	1832.046875	1011.0
TS136.299091	45.49527	2113.50625	964.0
TS137.2.299107	38.7939	1509.52941176	770.0
TS137.298959	40.54021	1873.58088235	889.0
TS138.2.299162	25.58509	1087.93975904	473.0
TS138.299141	39.87846	1785.53191489	950.0
TS139.2.299031	41.89701	1804.05202312	925.0
TS139.299195	38.2103	1661.01470588	798.0
TS14.299212	70.38326	2845.62599469	2000.0
TS140.2.299087	31.44059	1092.06976744	553.0
TS140.298995	34.45413	1239.93457944	656.0
TS141.2.299017	40.68386	1625.00591716	869.0
TS141.299084	31.95494	1316.94174757	603.0
TS142.2.298963	34.44899	1232.80152672	686.0
TS142.299170	35.35393	1763.75675676	741.0
TS143.2.299034	40.95976	1897.66891892	918.0
TS143.299098	43.9583	1926.61702128	1018.0
TS144.2.299166	43.1876	1714.76923077	959.0
TS144.298946	35.80441	1481.07936508	725.0
TS145.2.299151	31.49465	896.029411765	540.0
TS145.298950	30.47451	1182.05454545	630.0
TS146.2.299211	39.09898	1404.07142857	688.0
TS146.299014	36.71831	1272.43697479	680.0
TS147.2.299003	49.78594	1903.78205128	1110.0
TS147.299111	39.46161	1816.50955414	893.0
TS148.299000	44.91847	1884.45762712	997.0
TS149.298994	58.67503	2681.15547703	1549.0
TS15.2.299128	34.08273	1173.3255814	664.0
TS15.299020	70.21441	3006.69798658	1855.0
TS150.299173	46.26867	1863.2244898	1278.0
TS151.2.298991	35.72443	1452.16239316	725.0
TS151.299215	44.57882	1930.35135135	1007.0
TS152.2.299097	36.40177	1351.09090909	719.0
TS152.299135	33.79603	1220.54918033	682.0
TS153.299184	42.47774	1731.62903226	955.0
TS154.2.299022	27.00744	793.338235294	389.0
TS155.2.298990	33.90948	1103.98734177	521.0
TS155.299082	27.41005	953.223880597	439.0
TS156.2.299036	34.43105	1256.2	599.0
TS156.299155	30.40726	1054.90526316	521.0
TS16.299068	41.58552	1637.72254335	987.0
TS160.2.299131	27.21799	979.875	474.0
TS160.298976	30.05183	1228.69620253	554.0
TS161.299188	25.58756	1062.25	556.0
TS162.2.299140	26.95599	1030.875	606.0
TS162.299124	26.15341	849.032258065	525.0
TS163.2.299114	30.80139	1383.02941176	624.0
TS163.299072	26.79246	1436.89230769	508.0
TS164.2.299007	31.58065	1073.59459459	608.0
TS164.299125	27.5649	886.085106383	494.0
TS165.2.299138	34.46407	924.5	518.0
TS165.298951	36.41609	975.803738318	565.0
TS166.2.298980	34.71685	1393.52	770.0
TS166.299085	37.59216	1624.44	829.0
TS167.2.299004	43.97843	1680.68874172	913.0
TS167.299073	37.56865	1303.71875	705.0
TS168.2.298985	41.3338	1667.5	919.0
TS168.299115	36.72532	1504.1015625	753.0
TS169.2.298975	49.03031	2107.67052023	1034.0
TS169.298977	51.17345	1922.99528302	1081.0
TS17.299122	21.30518	1135.5	336.0
TS170.2.299205	35.2996	1333.33333333	685.0
TS170.299156	0.68413	1.0	1.0
TS178.2.299168	37.6203	1992.57894737	752.0
TS178.299126	28.62598	1190.07058824	524.0
TS179.2.299016	37.25193	1453.20325203	731.0
TS179.298987	31.89482	1227.1559633	611.0
TS180.299063	29.38697	997.946808511	524.0
TS181.2.299083	31.75612	1315.46601942	631.0
TS181.299047	41.3068	1571.72067039	872.0
TS182.2.299113	53.59245	2107.48192771	1263.0
TS182.299201	50.20381	2022.02857143	1189.0
TS183.2.299060	23.19441	957.974683544	460.0
TS183.298979	28.51196	1170.75862069	543.0
TS184.299203	26.34288	1038.31632653	524.0
TS185.2.298957	33.53954	1469.6875	765.0
TS185.299148	35.23446	1469.09677419	788.0
TS186.299199	24.6165	903.386363636	469.0
TS19.2.298956	28.37032	1193.93333333	691.0
TS19.298958	49.68628	2114.01520913	1417.0
TS190.299218	40.56164	1638.53571429	872.0
TS191.299146	31.2306	1312.28448276	655.0
TS192.299012	35.45278	1532.71428571	772.0
TS193.2.299051	28.73013	1056.1744186	510.0
TS193.299075	25.52169	1037.08108108	459.0
TS194.2.299056	24.82859	931.8	444.0
TS194.299181	28.38216	1096.56122449	556.0
TS195.2.298978	33.11271	1102.83962264	600.0
TS195.299150	30.42438	987.028846154	550.0
TS2.2.299116	30.70558	1166.19354839	462.0
TS2.299130	63.02865	2272.5	1484.0
TS20.2.299090	34.81335	1386.50413223	727.0
TS20.299059	65.29856	2697.22712934	1830.0
TS21.2.299079	40.92832	1641.77777778	884.0
TS21.299189	68.36381	2753.20472441	2016.0
TS22.299221	44.70131	1938.71962617	1099.0
TS23.299159	25.35091	1220.67901235	530.0
TS25.2.299001	42.75851	1572.13245033	836.0
TS25.299024	57.18063	2245.31707317	1337.0
TS26.2.299028	46.7038	2031.15151515	1010.0
TS26.299185	64.01553	2467.13043478	1568.0
TS27.2.299025	32.53469	1127.35869565	548.0
TS27.299223	60.16659	2227.12328767	1331.0
TS28.299120	53.87304	2241.51260504	1325.0
TS29.298974	30.75939	1292.27659574	601.0
TS3.2.299103	27.8621	989.140186916	524.0
TS3.298967	51.25617	1964.6692607	1300.0
TS30.2.299050	32.21244	1062.29268293	602.0
TS30.298973	47.95835	1852.56198347	1240.0
TS31.2.299187	43.66561	1590.57923497	965.0
TS31.299055	73.86043	3052.97260274	2133.0
TS32.2.298970	43.74157	1960.02453988	986.0
TS32.299074	53.7306	2273.26070039	1396.0
TS33.2.299054	24.01311	828.178082192	412.0
TS33.299224	73.90522	3042.00225734	2153.0
TS34.299217	29.6243	1031.51485149	523.0
TS35.298981	44.31116	1891.18978102	891.0
TS37.2.299096	43.48462	1806.75	966.0
TS37.299147	33.77381	1405.10377358	671.0
TS38.2.299081	36.32079	1382.625	705.0
TS38.298997	36.17128	1401.70469799	774.0
TS39.2.299009	32.74464	1207.3	610.0
TS39.299167	43.02147	1617.72251309	975.0
TS4.2.298988	29.29733	1021.52380952	580.0
TS4.299175	41.88896	1801.80473373	1090.0
TS43.299095	36.35571	1468.72222222	723.0
TS44.299183	22.61196	825.267857143	355.0
TS49.2.299169	32.47774	1290.578125	701.0
TS49.298982	52.62506	2175.77112676	1449.0
TS5.2.298961	30.21435	1345.55737705	665.0
TS5.299045	61.71518	2596.8136646	1784.0
TS50.2.299158	31.69205	1379.07092199	758.0
TS50.299027	45.5326	1740.15384615	1289.0
TS51.2.299062	30.3621	1023.65168539	543.0
TS51.299145	61.92234	2442.22440945	1536.0
TS55.2.298952	37.333	1695.00584795	930.0
TS55.298947	36.10899	1646.66470588	904.0
TS56.2.299192	27.89044	987.05	568.0
TS56.299021	41.50034	1766.22535211	1060.0
TS57.2.299112	19.10137	853.246153846	423.0
TS57.299197	21.85856	698.686046512	481.0
TS6.2.299094	31.90827	1326.7826087	684.0
TS6.299086	52.65448	2215.60887097	1320.0
TS61.2.299186	39.49236	1607.81632653	842.0
TS61.299129	17.73014	572.936170213	249.0
TS62.2.299088	34.39752	1321.55483871	770.0
TS62.299066	22.86796	814.366666667	446.0
TS63.2.299109	26.41058	950.378947368	497.0
TS63.299005	24.63863	862.04	420.0
TS64.2.299164	42.18105	1429.41899441	860.0
TS64.299137	41.94789	1564.1372549	856.0
TS65.2.299065	40.27301	1550.71774194	736.0
TS65.299182	34.86966	1390.40952381	638.0
TS66.2.299157	68.00151	2669.92550143	1696.0
TS66.299194	32.9087	985.53125	546.0
TS67.2.299127	29.76316	1485.74489796	626.0
TS67.299039	21.49009	971.022222222	339.0
TS68.2.298971	34.47184	1398.62307692	699.0
TS68.299202	37.10416	1784.21804511	850.0
TS69.2.298972	34.48852	1256.7	695.0
TS69.299058	31.63366	1262.04854369	652.0
TS7.2.299010	34.29593	1536.0952381	714.0
TS7.299061	71.19888	3224.17088608	1898.0
TS70.2.299052	33.23732	1217.06140351	615.0
TS70.299093	30.37114	1137.79518072	519.0
TS71.2.299080	34.31042	1576.94117647	709.0
TS71.298968	38.55134	1711.86466165	800.0
TS72.2.299026	14.12303	568.035714286	190.0
TS72.299209	29.95862	1138.3373494	504.0
TS73.299077	29.87892	1114.73267327	587.0
TS74.2.299132	34.13705	1257.00854701	612.0
TS74.299177	39.76319	1771.5942029	790.0
TS75.2.298948	18.01996	885.175438596	411.0
TS75.299153	15.90642	658.454545455	349.0
TS76.2.299161	45.44835	1996.53846154	1044.0
TS76.299071	37.22141	1427.00671141	761.0
TS77.299105	27.53855	1196.56666667	560.0
TS78.2.299070	27.44594	1115.03191489	548.0
TS78.299102	21.53704	897.6875	368.0
TS8.2.299029	19.0438	623.918367347	269.0
TS8.299198	71.65792	2862.19936709	1935.0
TS82.2.299057	28.24717	1053.83529412	494.0
TS82.299048	23.27408	918.318181818	416.0
TS83.2.299171	35.67625	1616.62773723	781.0
TS83.299134	27.82654	1145.33333333	522.0
TS84.2.298962	29.05237	1060.61627907	518.0
TS84.299191	23.99593	661.828947368	384.0
TS85.2.299119	27.87323	1144.65517241	532.0
TS85.299053	28.43727	1265.2745098	614.0
TS86.2.299219	27.03639	1014.2	522.0
TS86.299064	40.71024	1605.46706587	891.0
TS87.2.298965	30.67277	1154.0	500.0
TS87.299172	38.77435	1507.61016949	715.0
TS88.2.299002	30.04808	1049.64150943	556.0
TS88.299013	24.91286	910.0	493.0
TS89.2.299023	40.21662	1507.35057471	882.0
TS89.299011	34.34251	1537.2	671.0
TS9.2.298969	32.75697	1358.97637795	702.0
TS9.299144	52.21978	2112.04115226	1375.0
TS90.2.299200	35.40609	1477.38842975	708.0
TS90.298953	37.11574	1499.89189189	692.0
TS91.2.299008	31.00469	1328.57894737	610.0
TS91.299152	19.34718	821.8	301.0
TS92.2.299118	33.03836	1383.15909091	707.0
TS92.299206	28.36677	1142.52542373	604.0
TS94.2.299160	37.0722	1139.27272727	647.0
TS94.299193	31.23958	1168.33333333	526.0
TS95.2.299006	33.74542	1155.26923077	588.0
TS95.299180	35.0741	1120.88793103	627.0
TS96.2.299214	40.5378	1470.57983193	717.0
TS96.299089	28.26873	1022.20253165	477.0
TS97.2.299190	33.67644	1454.53061224	755.0
TS97.299015	29.30505	1222.03	583.0
TS98.2.299041	30.75444	1277.71794872	659.0
TS98.299220	26.77019	900.378378378	551.0
TS99.2.299069	22.85991	692.911764706	409.0
